#p(bar)         	T(K)            	n_<tot>(cm-3)   	n_g(cm-3)       	m(u)            	e-              	C               	H               	He              	N               	O               	Si              	C1H1            	C1H1N1          	C1H1N1O1        	C1H1O1          	C1H2            	C1H2O1          	C1H3            	C1H4            	C1H4O2          	C1N1            	C1N1O1          	C1N2_cnn        	C1N2_ncn        	C1O1            	C1O2            	C1Si1           	C1Si2           	C2              	C2H2O2          	C2H2O4          	C2H4O1          	C2H4O3          	C2H6O2          	C2N1            	C2N1O1          	C2Si1           	C2Si2           	C2O1            	C3              	C3N2O1          	C4              	C4H6O4          	C5              	H1N1            	H1N1O1          	H1N1O2_cis      	H1N1O2_trans    	H1N1O3          	H1O1            	H1O2            	H1Si1           	H2              	H2N1            	H2N2            	H2O1            	H2O2            	H2Si1           	H3N1            	H3Si1           	H4N2            	H4Si1           	N1O1            	N1O2            	N1O3            	N1Si1           	N1Si2           	N2              	N2O1            	N2O3            	N2O4            	N2O5            	N3              	O1Si1           	O2              	O2Si1           	O3              	Si2             	Si3             	C1+             	C1-             	C1H1+           	C1H1-           	C1H1O1+         	C1N1+           	C1N1-           	C1O2-           	C2-             	H1+             	H1-             	H1O1+           	H1O1-           	H1Si1+          	H2+             	H2-             	H3O1+           	He1+            	N1+             	N1-             	N1O1+           	N1O2-           	N2+             	N2-             	N2O1+           	O1+             	O1-             	O2+             	O2-             	Si1+            	Si1-            
2.9239606870e-07	9.2000000000e+02	5.2980661059e+12	2.3019740267e+12	2.6032302811e+00	1.1679886004e-26	9.1985310296e-27	3.9323537255e-07	7.1578063030e-02	4.7158388146e-23	2.1063715978e-24	1.0424009761e-15	2.4174269939e-25	1.4800481219e-08	6.7789776497e-18	1.1137777294e-16	7.7246255602e-20	7.2455550965e-15	4.8711434920e-13	5.8728198494e-08	8.7005959906e-49	9.3443582624e-19	3.6695892876e-26	7.5404461830e-36	9.3298103759e-30	1.6959635486e-02	2.9982380881e-10	8.7827467906e-29	7.6272441485e-22	1.1006012924e-31	2.2133581155e-31	1.2756892465e-48	2.9130448991e-31	4.3472741577e-46	5.9923563927e-62	2.7274477541e-24	6.9339824228e-27	4.5779905371e-22	2.3580168282e-28	2.1372513449e-23	2.4584589512e-29	9.3716560239e-38	1.8315504582e-38	3.1557352997e-86	1.7104934164e-38	5.6863401012e-22	5.9036877053e-30	4.6715663516e-43	6.2232369779e-43	1.6111387784e-63	3.8988019152e-18	1.9655105314e-38	8.3678739057e-17	9.1131184513e-01	1.3213095084e-18	5.9116129258e-29	7.6906256243e-09	3.9843265224e-37	7.9535977586e-18	3.3556336356e-12	1.7640482209e-16	8.8393488874e-35	1.5249094160e-17	4.3259955272e-23	5.0814324808e-43	4.2636757039e-69	5.1199149422e-19	4.3467230157e-23	1.5910536460e-04	2.4783839504e-32	5.7343159086e-77	1.4411011177e-97	6.1293879751e-120	2.4119067625e-36	6.4978254124e-07	1.0403309064e-32	6.3207880757e-19	1.1191745148e-63	2.7121841807e-25	1.1290232382e-30	6.1909134282e-55	7.0771145856e-54	1.6273339787e-50	1.5690348949e-50	1.6672618710e-28	9.1899259831e-62	6.7272850274e-32	3.2429598503e-40	1.0743037670e-43	3.1384200041e-48	5.3168066598e-37	1.0389952283e-56	2.0329901161e-42	3.9362906894e-27	5.9878175128e-51	1.8675423651e-47	2.9429945690e-28	1.4388668111e-102	1.1061160212e-68	8.3489605845e-57	8.2562483991e-41	7.8889401958e-64	7.3349221520e-56	2.5110413507e-46	1.5727193472e-68	1.3071102968e-65	2.9064098047e-50	4.2430082378e-65	9.9958833223e-64	7.2826369451e-27	4.4737402394e-42
4.3828773664e-07	9.2000000000e+02	7.9871201377e+12	3.4505490804e+12	2.4573120765e+00	8.1778270291e-27	6.1366405811e-27	3.2210805105e-07	7.1988935109e-02	3.8628510325e-23	1.4052293116e-24	6.9541974810e-16	1.9801695166e-25	1.4885438647e-08	6.8178902022e-18	9.1232070856e-17	7.7689662242e-20	7.2871458147e-15	6.0152476597e-13	8.9044287251e-08	1.3191931449e-48	7.6541767820e-19	3.0058442041e-26	7.5837297780e-36	9.3833652616e-30	1.1314326932e-02	2.0002225860e-10	5.8592573309e-29	5.0883837661e-22	7.3424708065e-32	2.2260631674e-31	1.2830119197e-48	4.4167880749e-31	6.5913809513e-46	1.3697162385e-61	2.2341146055e-24	5.6797830066e-27	3.0541270578e-22	1.5731100664e-28	1.4258301997e-23	1.6401182883e-29	9.4254511116e-38	1.2218871504e-38	7.2132924032e-86	1.1411260428e-38	5.7189807174e-22	5.9375759360e-30	4.6983819837e-43	6.2589594789e-43	1.6203870052e-63	3.1935974585e-18	1.6099944481e-38	6.8543161256e-17	9.1654293006e-01	1.6316505602e-18	8.9632473587e-29	7.7347711229e-09	4.0071972340e-37	7.9992527620e-18	5.0878456350e-12	2.1783769971e-16	2.0204739435e-34	2.3120830462e-17	3.5435215125e-23	4.1623171352e-43	3.4924739251e-69	4.1938389963e-19	3.5604998706e-23	1.6001865965e-04	2.4926103456e-32	5.7672319724e-77	1.4493733122e-97	6.1645718277e-120	2.9784006504e-36	4.3349116274e-07	6.9403873702e-33	4.2168042359e-19	7.4663788410e-64	1.8093866785e-25	7.5320828925e-31	3.9353180233e-55	4.9551356005e-54	1.2701019694e-50	1.3488657023e-50	1.3012648992e-28	7.1725554552e-62	5.7833029483e-32	2.2706013321e-40	7.5218802481e-44	2.4494747115e-48	4.5707448395e-37	8.1091521648e-57	1.7477180715e-42	3.0721969934e-27	5.7380885534e-51	1.9712575309e-47	3.4627803471e-28	1.3788572164e-102	8.6330167582e-69	7.1774227147e-57	6.4438385689e-41	6.7819530327e-64	7.0290107528e-56	2.6504936994e-46	1.5071272705e-68	8.3087815219e-66	2.0349613559e-50	2.6971119827e-65	6.9987502265e-64	4.6292833456e-27	3.1323485384e-42
6.6890544475e-07	9.2000000000e+02	1.2238305977e+13	5.2661547982e+12	2.3565354154e+00	5.6987873687e-27	4.0209185498e-27	2.6125140916e-07	7.2274536392e-02	3.1330334749e-23	9.2075012883e-25	4.5566073620e-16	1.6060513697e-25	1.4944492977e-08	6.8449385111e-18	7.3995378239e-17	7.7997874554e-20	7.3160555563e-15	7.4754186751e-13	1.3697791260e-07	2.0293308969e-48	6.2080551072e-19	2.4379429682e-26	7.6138166007e-36	9.4205917524e-30	7.4135003411e-03	1.3106083033e-10	3.8391683819e-29	3.3340679486e-22	4.8110161703e-32	2.2348944592e-31	1.2881019157e-48	6.7943989401e-31	1.0139601672e-45	3.2284943677e-61	1.8120180631e-24	4.6066882052e-27	2.0011594256e-22	1.0307508421e-28	9.3424847409e-24	1.0746567217e-29	9.4628445690e-38	8.0061861926e-39	1.7002115651e-85	7.4770141943e-39	5.7416693721e-22	5.9611318136e-30	4.7170216630e-43	6.2837903671e-43	1.6268154936e-63	2.5902234781e-18	1.3058143593e-38	5.5593138414e-17	9.2017906140e-01	2.0277255621e-18	1.3788273525e-28	7.7654566945e-09	4.0230946841e-37	8.0309875916e-18	7.8266952049e-12	2.7071670206e-16	4.7623653443e-34	3.5567055362e-17	2.8740356344e-23	3.3759207404e-43	2.8326325881e-69	3.4014871019e-19	2.8878062312e-23	1.6065349939e-04	2.5024992429e-32	5.7901122293e-77	1.4551233902e-97	6.1890284453e-120	3.7013927185e-36	2.8403694731e-07	4.5475585462e-33	2.7629818219e-19	4.8922045840e-64	1.1855666570e-25	4.9352559304e-31	2.4245127850e-55	3.4530278097e-54	9.6860277030e-51	1.1635249961e-50	9.9236818510e-29	5.4699208914e-62	4.9886491551e-32	1.5822875854e-40	5.2416853487e-44	1.8680137883e-48	3.9427022737e-37	6.1841863417e-57	1.5075731103e-42	2.3429130813e-27	5.4167256168e-51	2.1048097392e-47	4.0462900236e-28	1.3016340994e-102	6.5836951721e-69	6.1912101236e-57	4.9141881759e-41	5.8500798883e-64	6.6353498349e-56	2.8300641627e-46	1.4227203568e-68	5.1189629169e-66	1.4180798913e-50	1.6616655747e-65	4.8771378049e-64	2.8520583572e-27	2.1828033549e-42
1.0356212199e-06	9.2000000000e+02	1.8997751186e+13	8.1532325669e+12	2.2886780146e+00	3.9843302718e-27	2.5971023567e-27	2.1023902907e-07	7.2465448495e-02	2.5212723576e-23	5.9471046227e-25	2.9431025702e-16	1.2924511362e-25	1.4983967508e-08	6.8630187990e-18	5.9546918911e-17	7.8203894099e-20	7.3353798064e-15	9.3383907403e-13	2.1319547099e-07	3.1584957613e-48	4.9958603576e-19	1.9619063328e-26	7.6339282802e-36	9.4454759770e-30	4.7883633972e-03	8.4651899087e-11	2.4797103271e-29	2.1534670796e-22	3.1074246542e-32	2.2407975936e-31	1.2915042414e-48	1.0574953688e-30	1.5781501652e-45	7.8002636838e-61	1.4582005237e-24	3.7071789130e-27	1.2925444263e-22	6.6575967857e-29	6.0342901348e-24	6.9411838862e-30	9.4878404032e-38	5.1711778718e-39	4.1078276793e-85	4.8293868539e-39	5.7568354741e-22	5.9768776059e-30	4.7294812505e-43	6.3003884328e-43	1.6311125800e-63	2.0844521790e-18	1.0508388985e-38	4.4737930718e-17	9.2260957470e-01	2.5330614379e-18	2.1460378348e-28	7.7859679695e-09	4.0337210779e-37	8.0522002261e-18	1.2181643313e-11	3.3818284349e-16	1.1506202515e-33	5.5357356347e-17	2.3128468488e-23	2.7167330680e-43	2.2795282275e-69	2.7373073009e-19	2.3239285770e-23	1.6107786103e-04	2.5091095234e-32	5.8054066457e-77	1.4589670571e-97	6.2053765875e-120	4.6238290278e-36	1.8345883313e-07	2.9372579602e-33	1.7846038193e-19	3.1598640702e-64	7.6575486942e-26	3.1876708392e-31	1.4467023320e-55	2.4141983795e-54	7.2009752768e-51	1.0135367624e-50	7.3776567500e-29	4.0665553243e-62	4.3455702639e-32	1.1062627743e-40	3.6647455427e-44	1.3887551758e-48	3.4344545335e-37	4.5975682002e-57	1.3132341587e-42	1.7418140534e-27	5.0173380146e-51	2.2843757582e-47	4.6696511924e-28	1.2056617966e-102	4.8945791333e-69	5.3931109955e-57	3.6534016648e-41	5.0959553206e-64	6.1461110303e-56	3.0715036338e-46	1.3178200841e-68	3.0544757839e-66	9.9145629984e-51	9.9151280075e-66	3.4098706508e-64	1.7018179908e-27	1.5261158069e-42
1.6206347565e-06	9.2000000000e+02	2.9780964535e+13	1.2758923651e+13	2.2439998225e+00	2.8210626913e-27	1.6596054725e-27	1.6820838270e-07	7.2591184397e-02	2.0172238890e-23	3.8003305307e-25	1.8807072117e-16	1.0340663972e-25	1.5009964460e-08	6.8749260307e-18	4.7642395274e-17	7.8339568112e-20	7.3481057764e-15	1.1712330987e-12	3.3478637168e-07	4.9598677260e-48	3.9970964776e-19	1.5696853656e-26	7.6471738613e-36	9.4618647631e-30	3.0598694264e-03	5.4094423588e-11	1.5845893861e-29	1.3761127824e-22	1.9857126340e-32	2.2446850983e-31	1.2937448403e-48	1.6606123759e-30	2.4782100920e-45	1.9201540923e-60	1.1666795626e-24	2.9660460290e-27	8.2596428974e-23	4.2543506346e-29	3.8560439887e-24	4.4355690231e-30	9.5043026955e-38	3.3044962873e-39	1.0112045501e-84	3.0860843166e-39	5.7668234948e-22	5.9872473963e-30	4.7376868274e-43	6.3113195095e-43	1.6339425352e-63	1.6677318736e-18	8.4075688697e-39	3.5793996029e-17	9.2421018736e-01	3.1769989101e-18	3.3699795472e-28	7.7994756538e-09	4.0407190814e-37	8.0661697903e-18	1.9129152188e-11	4.2415331584e-16	2.8324281789e-33	8.6929090899e-17	1.8504664524e-23	2.1736084276e-43	1.8238088330e-69	2.1900694950e-19	1.8593327404e-23	1.6135734622e-04	2.5134630636e-32	5.8154795704e-77	1.4614985017e-97	6.2161434975e-120	5.7992683335e-36	1.1723422554e-07	1.8769723774e-33	1.1404010540e-19	2.0192225731e-64	4.8933418762e-26	2.0369917095e-31	8.3435977645e-56	1.7093474968e-54	5.1997683768e-51	8.9849447952e-51	5.3273486978e-29	2.9364283683e-62	3.8523233324e-32	7.8327759646e-41	2.5947841210e-44	1.0028093375e-48	3.0446240858e-37	3.3198683259e-57	1.1641744885e-42	1.2577504136e-27	4.5361200499e-51	2.5354902867e-47	5.2858413267e-28	1.0900258149e-102	3.5343380014e-69	4.7809622352e-57	2.6380932838e-41	4.5175354189e-64	5.5566325147e-56	3.4091454957e-46	1.1914268864e-68	1.7616144495e-66	7.0199009276e-51	5.7183732996e-66	2.4143226634e-64	9.8149318416e-28	1.0805500727e-42
2.5553825393e-06	9.2000000000e+02	4.7010646683e+13	2.0118000423e+13	2.2150705242e+00	2.0425789593e-27	1.0525290321e-27	1.3403112185e-07	7.2672628036e-02	1.6073564590e-23	2.4101862048e-25	1.1927527199e-16	8.2396059613e-26	1.5026801614e-08	6.8826378536e-18	3.7962220334e-17	7.8427429729e-20	7.3563470327e-15	1.4731905967e-12	5.2906881506e-07	7.8381665522e-48	3.1849508006e-19	1.2507505610e-26	7.6557533412e-36	9.4724801722e-30	1.9405825416e-03	3.4306919473e-11	1.0049535028e-29	8.7273673108e-23	1.2593476169e-32	2.2472026212e-31	1.2951958378e-48	2.6242950618e-30	3.9163591705e-45	4.7900280751e-60	9.2962905144e-25	2.3633932099e-27	5.2383015654e-23	2.6981277358e-29	2.4455199230e-24	2.8130572285e-30	9.5149657164e-38	2.0957259641e-39	2.5225570197e-84	1.9572081393e-39	5.7732923238e-22	5.9939634818e-30	4.7430012412e-43	6.3183991170e-43	1.6357753804e-63	1.3288753531e-18	6.6992849555e-39	2.8521226862e-17	9.2524673382e-01	3.9960668652e-18	5.3256401388e-28	7.8082231433e-09	4.0452509434e-37	8.0752163901e-18	3.0230142535e-11	5.3350496765e-16	7.0657951473e-33	1.3737557740e-16	1.4744814497e-23	1.7319661761e-43	1.4532402296e-69	1.7450826195e-19	1.4815462507e-23	1.6153837546e-04	2.5162829558e-32	5.8220040448e-77	1.4631381790e-97	6.2231174829e-120	7.2943910824e-36	7.4350457376e-08	1.1903840717e-33	7.2324732441e-20	1.2805997665e-64	3.1033787694e-26	1.2918690303e-31	4.6349568357e-56	1.2376460974e-54	3.6291517248e-51	8.1735424279e-51	3.7181957568e-29	2.0494655256e-62	3.5044326580e-32	5.6712895550e-41	1.8787428811e-44	6.9990564444e-49	2.7696735716e-37	2.3170851061e-57	1.0590415180e-42	8.7784046369e-28	3.9777222844e-51	2.8979150559e-47	5.8236173674e-28	9.5584368665e-103	2.4667735702e-69	4.3492092298e-57	1.8412440422e-41	4.1095716245e-64	4.8726111376e-56	3.8964525836e-46	1.0447622550e-68	9.7859546506e-67	5.0827306931e-51	3.1766168699e-66	1.7480804973e-64	5.4522984826e-28	7.8236788189e-43
4.0500387910e-06	9.2000000000e+02	7.4573027919e+13	3.1885121252e+13	2.1967788823e+00	1.5252611975e-27	6.6409593825e-28	1.0650776094e-07	7.2732014165e-02	1.2772853539e-23	1.5207132727e-25	7.5257043978e-17	6.5475985719e-26	1.5039075773e-08	6.8882597147e-18	3.0166658553e-17	7.8491467076e-20	7.3623536168e-15	1.8569160261e-12	8.3989375484e-07	1.2443045119e-47	2.5309202496e-19	9.9390857830e-27	7.6620089981e-36	9.4802203099e-30	1.2244156164e-03	2.1646040328e-11	6.3407803393e-30	5.5065551692e-23	7.9458866376e-33	2.2490375009e-31	1.2962533875e-48	4.1660535842e-30	6.2171980569e-45	1.2061684696e-59	7.3872946185e-25	1.8780697434e-27	3.3051200363e-23	1.7023907327e-29	1.5430071743e-24	1.7749057959e-30	9.5227405698e-38	1.3223037636e-39	6.3520060680e-84	1.2349055807e-39	5.7780080518e-22	5.9988594579e-30	4.7468754091e-43	6.3235600979e-43	1.6371115109e-63	1.0559901050e-18	5.3235832894e-39	2.2664378023e-17	9.2600221372e-01	5.0369333395e-18	8.4544287105e-28	7.8145986920e-09	4.0485539605e-37	8.0818099434e-18	4.7990194897e-11	6.7246826490e-16	1.7792264063e-32	2.1808295300e-16	1.1716962655e-23	1.3763064302e-43	1.1548169359e-69	1.3867294082e-19	1.1773103076e-23	1.6167037144e-04	2.5183390568e-32	5.8267613114e-77	1.4643337361e-97	6.2282025066e-120	9.1943866164e-36	4.6911615017e-08	7.5107593504e-34	4.5633478586e-20	8.0799776297e-65	1.9580849294e-26	8.1510813438e-32	2.4710060323e-56	9.2419123492e-55	2.4367563075e-51	7.6869587755e-51	2.4965439998e-29	1.3760927966e-62	3.2958093387e-32	4.2349393000e-41	1.4029193862e-44	4.6994439006e-49	2.6047906100e-37	1.5557827767e-57	9.9599513458e-43	5.8941688006e-28	3.3637235371e-51	3.4324857580e-47	6.2023680006e-28	8.0830077724e-103	1.6562900417e-69	4.0902952901e-57	1.2362845979e-41	3.8649236153e-64	4.1204803764e-56	4.6152236265e-46	8.8349393128e-69	5.2171258181e-67	3.7954429508e-51	1.6935302153e-66	1.3053494669e-64	2.9067503578e-28	5.8421994821e-43
6.4407511740e-06	9.2000000000e+02	1.1867666341e+14	5.0706707450e+13	2.1853688561e+00	1.1804820819e-27	4.1759326485e-28	8.4483977468e-08	7.2776239044e-02	1.0131674781e-23	9.5624680692e-26	4.7322732888e-17	5.1936794588e-26	1.5048211679e-08	6.8924441802e-18	2.3928766119e-17	7.8539110700e-20	7.3668225000e-15	2.3438306708e-12	1.3372997282e-06	1.9812125949e-47	2.0075749548e-19	7.8838753195e-27	7.6666672288e-36	9.4859839489e-30	7.6993049550e-04	1.3611347595e-11	3.9871756641e-30	3.4626026433e-23	4.9964900431e-33	2.2504026467e-31	1.2970402018e-48	6.6332941441e-30	9.8991773942e-45	3.0559992767e-59	5.8597451508e-25	1.4897212904e-27	2.0783079480e-23	1.0704882581e-29	9.7026553920e-25	1.1160867932e-30	9.5285300596e-38	8.3148399795e-40	1.6093710322e-83	7.7652673887e-40	5.7815180640e-22	6.0025036325e-30	4.7497590310e-43	6.3274015209e-43	1.6381060199e-63	8.3763139370e-19	4.2227673053e-39	1.7977814812e-17	9.2656428884e-01	6.3577051548e-18	1.3461364787e-27	7.8193420840e-09	4.0510113968e-37	8.0867155303e-18	7.6411219206e-11	8.4880076550e-16	4.5079274067e-32	3.4723710241e-16	9.2941216840e-24	1.0917129134e-43	9.1602315731e-70	1.0999806215e-19	9.3386533527e-24	1.6176866131e-04	2.5198701180e-32	5.8303037764e-77	1.4652239992e-97	6.2319890337e-120	1.1605326519e-35	2.9498711476e-08	4.7228756238e-34	2.8695000544e-20	5.0808084254e-65	1.2312725187e-26	5.1255194836e-32	1.2624202468e-56	7.1528154973e-55	1.5704086551e-51	7.5048180100e-51	1.6089398407e-29	8.8684661767e-63	3.2177174404e-32	3.2776484249e-41	1.0857951415e-44	3.0286357947e-49	2.5430706803e-37	1.0026504212e-57	9.7239525307e-43	3.7985963844e-28	2.7345842687e-51	4.2273167732e-47	6.3606131536e-28	6.5711968000e-103	1.0674245407e-69	3.9933786026e-57	7.9674482481e-42	3.7733469521e-64	3.3498031736e-56	5.6839365423e-46	7.1824896724e-69	2.6653942471e-67	2.9374984453e-51	8.6521311743e-67	1.0102805073e-64	1.4850390716e-28	4.5215939531e-43
1.0265232490e-05	9.2000000000e+02	1.8920623107e+14	8.0816061158e+13	2.1780053991e+00	9.4675791333e-28	2.6201202101e-28	6.6930533612e-08	7.2798509660e-02	8.0265980682e-24	5.9998132046e-26	2.9691869882e-17	4.1145758996e-26	1.5052802761e-08	6.8945470063e-18	1.8957027510e-17	7.8563010810e-20	7.3690642860e-15	2.9603330672e-12	2.1326780717e-06	3.1595674234e-47	1.5904574123e-19	6.2458280371e-27	7.6690122674e-36	9.4888854702e-30	4.8308021738e-04	8.5402160237e-12	2.5016877469e-30	2.1725530388e-23	3.1349654421e-33	2.2510874631e-31	1.2974349020e-48	1.0578541718e-29	1.5786856238e-44	7.7698780439e-59	4.6422551182e-25	1.1801991567e-27	1.3040001158e-23	6.7166023873e-30	6.0877714330e-25	7.0027028913e-31	9.5314445947e-38	5.2170094940e-40	4.0918257879e-83	4.8721892172e-40	5.7832819559e-22	6.0043349452e-30	4.7512081420e-43	6.3293319572e-43	1.6386057921e-63	6.6359465819e-19	3.3453925529e-39	1.4242519997e-17	9.2684625013e-01	8.0299911466e-18	2.1467739686e-27	7.8217215754e-09	4.0522441536e-37	8.0891763857e-18	1.2185799172e-10	1.0720625022e-15	1.1461423204e-31	5.5376138826e-16	7.3630649195e-24	8.6488571254e-44	7.2569934033e-70	8.7143562365e-20	7.3983441615e-24	1.6181814223e-04	2.5206408822e-32	5.8320871181e-77	1.4656721740e-97	6.2338952407e-120	1.4657932830e-35	1.8508481006e-08	2.9632905780e-34	1.8004205810e-20	3.1878696233e-65	7.7254167675e-27	3.2159228408e-32	6.1966914198e-57	5.7366263989e-55	9.7330914243e-52	7.5997956266e-51	9.9719003169e-30	5.4965094202e-63	3.2584419825e-32	2.6287053662e-41	8.7081808207e-45	1.8770903347e-49	2.5752546442e-37	6.2142348643e-58	9.8470145202e-43	2.3542971297e-28	2.1399894762e-51	5.4051623747e-47	6.2849454627e-28	5.1423962866e-103	6.6156976035e-70	4.0439201800e-57	4.9380753648e-42	3.8211037330e-64	2.6214422590e-56	7.2676474676e-46	5.6207726175e-69	1.3083302255e-67	2.3559018312e-51	4.2469682457e-67	8.1025462359e-65	7.2894338444e-29	3.6263615700e-43
1.6383709867e-05	9.2000000000e+02	3.0204866731e+14	1.2898557338e+14	2.1734189140e+00	7.8322845731e-28	1.6416393678e-28	5.2984309099e-08	7.2813702023e-02	6.3541146975e-24	3.7591899481e-26	1.8603475641e-17	3.2572272998e-26	1.5055921844e-08	6.8959756219e-18	1.5006977398e-17	7.8579191095e-20	7.3705819665e-15	3.7410753731e-12	3.4052392636e-06	5.0448697293e-47	1.2590575401e-19	4.9443995316e-27	7.6706109961e-36	9.4908635808e-30	3.0267447258e-04	5.3508822918e-12	1.5674353702e-30	1.3612156356e-23	1.9642162473e-33	2.2515510812e-31	1.2977021125e-48	1.6890718805e-29	2.5206815518e-44	1.9804752743e-58	3.6749593322e-25	9.3428383278e-28	8.1702279061e-24	4.2082950449e-30	3.8143002785e-25	4.3875516487e-31	9.5334315774e-38	3.2687233719e-40	1.0429712994e-82	3.0526758260e-40	5.7844803069e-22	6.0055791005e-30	4.7521926375e-43	6.3306434550e-43	1.6389453268e-63	5.2532233927e-19	2.6483176439e-39	1.1274825422e-17	9.2703713685e-01	1.0147790530e-17	3.4277547431e-27	7.8233324821e-09	4.0530787253e-37	8.0908423754e-18	1.9457045337e-10	1.3548024949e-15	2.9214258150e-31	8.8418877983e-16	5.8288403911e-24	6.8467150977e-44	5.7448707474e-70	6.8985663130e-20	5.8567685804e-24	1.6185187582e-04	2.5211663503e-32	5.8333029103e-77	1.4659777169e-97	6.2351947962e-120	1.8523806936e-35	1.1596510321e-08	1.8566531614e-34	1.1280556110e-20	1.9973634236e-65	4.8403688692e-27	2.0149401997e-32	2.9405152612e-57	4.7457633903e-55	5.8355368721e-52	7.9436092883e-51	5.9787162627e-30	3.2954713243e-63	3.4058577081e-32	2.1746603009e-41	7.2040538918e-45	1.1254214497e-49	2.6917587941e-37	3.7257840394e-58	1.0292492042e-42	1.4115338190e-28	1.6210936300e-51	7.1382401284e-47	6.0153987602e-28	3.8954998484e-103	3.9664885613e-70	4.2268718578e-57	2.9606582137e-42	3.9939749342e-64	1.9858107118e-56	9.5979250102e-46	4.2578814902e-69	6.2084179024e-68	1.9489769569e-51	2.0153133494e-67	6.7030279856e-65	3.4590541973e-29	2.9999956040e-43
2.6172448076e-05	9.2000000000e+02	4.8254991694e+14	2.0605029320e+14	2.1703254418e+00	6.6366093530e-28	1.0276510256e-28	4.1921382870e-08	7.2815487892e-02	5.0274093519e-24	2.3532180583e-26	1.1645603289e-17	2.5771303817e-26	1.5056255410e-08	6.8961284031e-18	1.1873576459e-17	7.8580773895e-20	7.3707304302e-15	4.7285243415e-12	5.4399790375e-06	8.0593413414e-47	9.9617302378e-20	3.9120352131e-27	7.6707963758e-36	9.4910929513e-30	1.8947141392e-04	3.3496027098e-12	9.8120001096e-31	8.5210836889e-24	1.2295811617e-33	2.2515964336e-31	1.2977282518e-48	2.6983465512e-29	4.0268696971e-44	5.0542866000e-58	2.9076473740e-25	7.3921033879e-28	5.1144869279e-24	2.6343536855e-30	2.3877166142e-25	2.7465666577e-31	9.5336619768e-38	2.0461905284e-40	2.6617226335e-82	1.9109467675e-40	5.7846084628e-22	6.0057121548e-30	4.7522979229e-43	6.3307837112e-43	1.6389816379e-63	4.1563699309e-19	2.0953587921e-39	8.9206839033e-18	9.2705580992e-01	1.2826304286e-17	5.4759702778e-27	7.8234900655e-09	4.0531603654e-37	8.0910053472e-18	3.1083317080e-10	1.7123997611e-15	7.4556764071e-31	1.4125199597e-15	4.6118095263e-24	5.4171574092e-44	4.5453722975e-70	5.4581823665e-20	4.6339064583e-24	1.6185578738e-04	2.5212272806e-32	5.8334438867e-77	1.4660131460e-97	6.2353454854e-120	2.3413268123e-35	7.2593079568e-09	1.1622476671e-34	7.0615235496e-21	1.2503309868e-65	3.0300260400e-27	1.2613338857e-32	1.3598826875e-57	4.0212759647e-55	3.4109805868e-52	8.5073851398e-51	3.4946716220e-30	1.9262685813e-63	3.6475864447e-32	1.8426770322e-41	6.1042842598e-45	6.5782991367e-50	2.8827989814e-37	2.1777905457e-58	1.1022973395e-42	8.2506795171e-29	1.1976418197e-51	9.6625064269e-47	5.6169906146e-28	2.8779546675e-103	2.3184915122e-70	4.5268715881e-57	1.7305636542e-42	4.2774449431e-64	1.4670957200e-56	1.2992051777e-45	3.1456773164e-69	2.8711702787e-68	1.6514464688e-51	9.3201003573e-68	5.6797448825e-65	1.5996883199e-29	2.5420167895e-43
4.1833418207e-05	9.2000000000e+02	7.7135487140e+14	3.2934588550e+14	2.1684045382e+00	5.7204548921e-28	6.4293438741e-29	3.3158682983e-08	7.2816392914e-02	3.9765579904e-24	1.4722554379e-26	7.2858963113e-18	2.0384406115e-26	1.5056385386e-08	6.8961879351e-18	9.3916786789e-18	7.8581199078e-20	7.3707703116e-15	5.9781754467e-12	8.6952271392e-06	1.2881998823e-46	7.8794852780e-20	3.0943242924e-27	7.6708873097e-36	9.4912054642e-30	1.1853993662e-04	2.0956284893e-12	6.1387300966e-31	5.3310876796e-24	7.6926893594e-34	2.2516086165e-31	1.2977352735e-48	4.3130195909e-29	6.4365223533e-44	1.2912933811e-57	2.2998780463e-25	5.8469732093e-28	3.1998017206e-24	1.6481437091e-30	1.4938389399e-25	1.7183480652e-31	9.5337749942e-38	1.2801682878e-40	6.8002966413e-82	1.1955550656e-40	5.7846583994e-22	6.0057640001e-30	4.7523389479e-43	6.3308383627e-43	1.6389957866e-63	3.2875764935e-19	1.6573722803e-39	7.0560203240e-18	9.2706082601e-01	1.6216083256e-17	8.7528117044e-27	7.8235323966e-09	4.0531822961e-37	8.0910491258e-18	4.9683532084e-10	2.1649515721e-15	1.9048242403e-30	2.2577627237e-15	3.6478286804e-24	4.2848391831e-44	3.5952784553e-70	4.3172889222e-20	3.6653068138e-24	1.6185770611e-04	2.5212571687e-32	5.8335130397e-77	1.4660305249e-97	6.2354194027e-120	2.9601196357e-35	4.5416766956e-09	7.2714274909e-35	4.4179358599e-21	7.8225075151e-66	1.8956901587e-27	7.8913454950e-33	6.1753151123e-58	3.4661566685e-55	1.9582926955e-52	9.2708826215e-51	2.0063409147e-30	1.1059018807e-63	3.9749528412e-32	1.5883036476e-41	5.2616149150e-45	3.7766955338e-50	3.1415165222e-37	1.2503006714e-58	1.2012232996e-42	4.7368330074e-29	8.6929260746e-52	1.3312372509e-46	5.1544628009e-28	2.0889403107e-103	1.3310833954e-70	4.9331527446e-57	9.9354452350e-43	4.6613403650e-64	1.0648790488e-56	1.7899718743e-45	2.2832633364e-69	1.3038169671e-68	1.4234716146e-51	4.2323177665e-68	4.8956813142e-65	7.2642879772e-30	2.1911026558e-43
6.6889882037e-05	9.2000000000e+02	1.2334686838e+15	5.2661026458e+14	2.1672608226e+00	4.9875580409e-28	4.0209583706e-29	2.6222860364e-08	7.2817656359e-02	3.1447950658e-24	9.2075924739e-27	4.5566524880e-18	1.6120587040e-26	1.5056555152e-08	6.8962656921e-18	7.4272153304e-18	7.8581679888e-20	7.3708154107e-15	7.5594671017e-12	1.3903473827e-05	2.0598028160e-46	6.2313605092e-20	2.4470951487e-27	7.6710133585e-36	9.4913614245e-30	7.4135737600e-05	1.3106212828e-12	3.8392064027e-31	3.3341009673e-24	4.8110638158e-34	2.2516223933e-31	1.2977432139e-48	6.8964219148e-29	1.0291855364e-43	3.3014676983e-57	1.8188204849e-25	4.6239819822e-28	2.0011792439e-24	1.0307610501e-30	9.3425772633e-26	1.0746673645e-31	9.5339316541e-38	8.0062654812e-41	1.7386412746e-81	7.4770882422e-41	5.7847236235e-22	6.0058317173e-30	4.7523925322e-43	6.3309097452e-43	1.6390142669e-63	2.5999120463e-19	1.3106986759e-39	5.5801081057e-18	9.2706649837e-01	2.0505517297e-17	1.3995694601e-26	7.8235802660e-09	4.0532070961e-37	8.0910986320e-18	7.9443266864e-10	2.7376045303e-15	4.8701407831e-30	3.6101121263e-15	2.8848249322e-24	3.3885941444e-44	2.8432664566e-70	3.4142564835e-20	2.8986472247e-24	1.6186036577e-04	2.5212985982e-32	5.8336088965e-77	1.4660546149e-97	6.2355218637e-120	3.7431609989e-35	2.8403976025e-09	4.5476035826e-35	2.7630091848e-21	4.8922530335e-66	1.1855783982e-27	4.9353048063e-33	2.7703049026e-58	3.0220774202e-55	1.1108768555e-52	1.0221116711e-50	1.1381330745e-30	6.2734602524e-64	4.3823946520e-32	1.3848123582e-41	4.5875040136e-45	2.1423986661e-50	3.4635113327e-37	7.0925560897e-59	1.3243446221e-42	2.6870539671e-29	6.2355414216e-52	1.8558915484e-46	4.6753212718e-28	1.4984390794e-103	7.5508496001e-71	5.4388122498e-57	5.6360895899e-43	5.1391384760e-64	7.6385854923e-57	2.4954439430e-45	1.6378294057e-69	5.8490465189e-69	1.2410983797e-51	1.8986578732e-68	4.2684533249e-65	3.2588284535e-30	1.9103815825e-43
1.0697967007e-04	9.2000000000e+02	1.9728870937e+15	8.4222890883e+14	2.1666194588e+00	4.3807186485e-28	2.5141359186e-29	2.0735257582e-08	7.2818892899e-02	2.4867109429e-24	5.7571197783e-27	2.8490828884e-18	1.2747065728e-26	1.5056664448e-08	6.8963157523e-18	5.8729376144e-18	7.8581601870e-20	7.3708080928e-15	9.5600672351e-12	2.2236338951e-05	3.2943186831e-46	4.9273774738e-20	1.9350126660e-27	7.6711323433e-36	9.4915086448e-30	4.6353954350e-05	8.1947628874e-13	2.4004940680e-31	2.0846729127e-24	3.0081555767e-34	2.2516201578e-31	1.2977419255e-48	1.1029702156e-28	1.6460144218e-43	8.4447618615e-57	1.4382116189e-25	3.6563611790e-28	1.2512530976e-24	6.4449147211e-31	5.8415200819e-26	6.7194424129e-32	9.5340795346e-38	5.0059806059e-41	4.4472376737e-81	4.6751083657e-41	5.7847656150e-22	6.0058753138e-30	4.7524270300e-43	6.3309557015e-43	1.6390261646e-63	2.0558339259e-19	1.0364115233e-39	4.4123706299e-18	9.2706557795e-01	2.5932481624e-17	2.2384200458e-26	7.8235724985e-09	4.0532030720e-37	8.0910905990e-18	1.2705759787e-09	3.4621069212e-15	1.2457446705e-29	5.7737855943e-15	2.2811425155e-24	2.6794922923e-44	2.2482806234e-70	2.6997844951e-20	2.2920723361e-24	1.6186287638e-04	2.5213377060e-32	5.8336993814e-77	1.4660773548e-97	6.2356185827e-120	4.7338993905e-35	1.7759809919e-09	2.8434249890e-35	1.7275932738e-21	3.0589197751e-66	7.4129223945e-28	3.0858382354e-33	1.2330722481e-58	2.6543793182e-55	6.2531243900e-53	1.1353400095e-50	6.4065496119e-31	3.5313591088e-64	4.8679113873e-32	1.2163213486e-41	4.0293394519e-45	1.2059559335e-50	3.8471950771e-37	3.9923989102e-59	1.4710539741e-42	1.5125423323e-29	4.4389015643e-52	2.6070561551e-46	4.2090395031e-28	1.0667146087e-103	4.2504073417e-71	6.0413673772e-57	3.1725802844e-43	5.7084933456e-64	5.4377777954e-57	3.5055226513e-45	1.1659426191e-69	2.6034307391e-69	1.0900931422e-51	8.4509915493e-69	3.7491078656e-65	1.4505157622e-30	1.6779442276e-43
1.7112537800e-04	9.2000000000e+02	3.1560096000e+15	1.3472348558e+15	2.1663129770e+00	3.8655521501e-28	1.5717214725e-29	1.6394516894e-08	7.2819569325e-02	1.9661662121e-24	3.5990849612e-27	1.7811148234e-18	1.0078581547e-26	1.5056570090e-08	6.8962725340e-18	4.6434906612e-18	7.8580071863e-20	7.3706645809e-15	1.2090794670e-11	3.5568007739e-05	5.2694084522e-46	3.8959265174e-20	1.5299552748e-27	7.6711855558e-36	9.4915744846e-30	2.8978347927e-05	5.1229866678e-13	1.5006778445e-31	1.3032410681e-24	1.8805597094e-34	2.2515763181e-31	1.2977166581e-48	1.7642496479e-28	2.6328728762e-43	2.1606696516e-56	1.1371498964e-25	2.8909728452e-28	7.8222555372e-25	4.0290625421e-31	3.6518481267e-26	4.2006845554e-32	9.5341456698e-38	3.1295074983e-41	1.1378664825e-80	2.9226614799e-41	5.7847293626e-22	6.0058376757e-30	4.7523972471e-43	6.3309160261e-43	1.6390158930e-63	1.6254634839e-19	8.1944804213e-40	3.4886803094e-18	9.2704752771e-01	3.2797724411e-17	3.5805464268e-26	7.8234201713e-09	4.0531241549e-37	8.0909330630e-18	2.0323693141e-09	4.3785909534e-15	3.1874359834e-29	9.2354254515e-15	1.8036295501e-24	2.1185925231e-44	1.7776466580e-70	2.1346369467e-20	1.8122714246e-24	1.6186399918e-04	2.5213551958e-32	5.8337398481e-77	1.4660875245e-97	6.2356618374e-120	5.9872876771e-35	1.1102611594e-09	1.7775777664e-35	1.0800113963e-21	1.9122951379e-66	4.6342161595e-28	1.9291233140e-33	5.4612997726e-59	2.3422279548e-55	3.5027320437e-53	1.2670521001e-50	3.5886742715e-31	1.9781420068e-64	5.4327150753e-32	1.0732836280e-41	3.5554946646e-45	6.7552478217e-51	4.2935125698e-37	2.2363706080e-59	1.6417126249e-42	8.4726133119e-30	3.1447615219e-52	3.6797750579e-46	3.7713562574e-28	7.5574091580e-104	2.3809273002e-71	6.7423223256e-57	1.7771668463e-43	6.3708262925e-64	3.8525220057e-57	4.9480619879e-45	8.2603956365e-70	1.1530642852e-69	9.6189968532e-52	3.7429597737e-69	3.3082179280e-65	6.4243611146e-31	1.4806202902e-43
2.7376922926e-04	9.2000000000e+02	5.0493124260e+15	2.1553287563e+15	2.1663337112e+00	3.4208131253e-28	9.8243850051e-30	1.2961654150e-08	7.2821884977e-02	1.5545017310e-24	2.2496858982e-27	1.1133243434e-18	7.9682182267e-27	1.5056674090e-08	6.8963201684e-18	3.6711859452e-18	7.8578954405e-20	7.3705597655e-15	1.5292577438e-11	5.6900672691e-05	8.4298476264e-46	3.0802200128e-20	1.2096221105e-27	7.6714006223e-36	9.4918405869e-30	1.8113543133e-05	3.2022336197e-13	9.3803114427e-32	8.1461901690e-25	1.1754845202e-34	2.2515442993e-31	1.2976982037e-48	2.8223956904e-28	4.2119940725e-43	5.5298107662e-56	8.9906004457e-26	2.2856777135e-28	4.8894700079e-25	2.5184526849e-31	2.2826666559e-26	2.6257287362e-32	9.5344129656e-38	1.9561663487e-41	2.9121463898e-80	1.8268727711e-41	5.7847693193e-22	6.0058791597e-30	4.7524300733e-43	6.3309597555e-43	1.6390272141e-63	1.2851062125e-19	6.4786307426e-40	2.7581823791e-18	9.2703434451e-01	4.1483818984e-17	5.7282969293e-26	7.8233089173e-09	4.0530665169e-37	8.0908180049e-18	3.2513944923e-09	5.5380926608e-15	8.1579627967e-29	1.4774567208e-14	1.4259960528e-24	1.6750139048e-44	1.4054533080e-70	1.6876990400e-20	1.4328285418e-24	1.6186853714e-04	2.5214258836e-32	5.8339034007e-77	1.4661286272e-97	6.2358366582e-120	7.5732709581e-35	6.9399275104e-10	1.1111134294e-35	6.7508448242e-22	1.1953214362e-66	2.8967170421e-28	1.2058402516e-33	2.4112252167e-59	2.0727502357e-55	1.9560533466e-53	1.4182222829e-50	2.0040466217e-31	1.1046899953e-64	6.0810130575e-32	9.4980033360e-42	3.1464283350e-45	3.7723768030e-51	4.8057654442e-37	1.2488709263e-59	1.8375830218e-42	4.7314163392e-30	2.2212299209e-52	5.2095849160e-46	3.3692665938e-28	5.3382476778e-104	1.3296247484e-71	7.5468986559e-57	9.9245576323e-44	7.1310711743e-64	2.7212552356e-57	7.0054386370e-45	5.8347868853e-70	5.0909083859e-70	8.5123132246e-52	1.6525587987e-69	2.9276012508e-65	2.8364276209e-31	1.3102721489e-43
4.3803555492e-04	9.2000000000e+02	8.0795556466e+15	3.4485637057e+15	2.1666865962e+00	3.0326021167e-28	6.1401735102e-30	1.0246969002e-08	7.2826362111e-02	1.2289688833e-24	1.4060383170e-27	6.9582010863e-19	6.2993568739e-27	1.5056999988e-08	6.8964694379e-18	2.9022938079e-18	7.8577998413e-20	7.3704700952e-15	1.9343503117e-11	9.1039856247e-05	1.3487575450e-45	2.4351819455e-20	9.5631153362e-28	7.6718260533e-36	9.4923669737e-30	1.1320840711e-05	2.0013741354e-13	5.8626305675e-32	5.0913132027e-25	7.3466979449e-35	2.2515169070e-31	1.2976824159e-48	4.5157725872e-28	6.7391002028e-43	1.4156108364e-55	7.1078519697e-26	1.8070271208e-28	3.0558853512e-25	1.5740157226e-31	1.4266510653e-26	1.6410625218e-32	9.5349417133e-38	1.2225906038e-41	7.4549856425e-80	1.1417830011e-41	5.7848945295e-22	6.0060091558e-30	4.7525329387e-43	6.3310967879e-43	1.6390626905e-63	1.0159539339e-19	5.1217481677e-40	2.1805094483e-18	9.2702306620e-01	5.2474444980e-17	9.1657720418e-26	7.8232137389e-09	4.0530172073e-37	8.0907195719e-18	5.2023373630e-09	7.0051051289e-15	2.0885491345e-28	2.3638990737e-14	1.1273739628e-24	1.3242442431e-44	1.1111331355e-70	1.3342729463e-20	1.1327756399e-24	1.6187751385e-04	2.5215657137e-32	5.8342269301e-77	1.4662099340e-97	6.2361824774e-120	9.5803634711e-35	4.3374072820e-10	6.9443830249e-36	4.2192318949e-22	7.4706773145e-67	1.8104283616e-28	7.5364191926e-34	1.0624346671e-59	1.8375241564e-55	1.0901967284e-53	1.5903404734e-50	1.1169455446e-31	6.1571436215e-65	6.8192470852e-32	8.4201223411e-42	2.7893558868e-45	2.1025156885e-51	5.3890024036e-37	6.9605207873e-60	2.0605956400e-42	2.6370316651e-30	1.5659482923e-52	7.3893910718e-46	3.0045469972e-28	3.7636965929e-104	7.4108488110e-72	8.4630909644e-57	5.5315904896e-44	7.9967820920e-64	1.9185916399e-57	9.9373418710e-45	4.1137535327e-70	2.2431573453e-70	7.5462932809e-52	7.2815087738e-70	2.5953623962e-65	1.2497874583e-31	1.1615759022e-43
7.0096819691e-04	9.2000000000e+02	1.2930713489e+16	5.5185782423e+15	2.1674513727e+00	2.6913259061e-28	3.8369990574e-30	8.1002450353e-09	7.2834010619e-02	9.7155439887e-25	8.7863440473e-28	4.3481851067e-19	4.9796514691e-27	1.5057621318e-08	6.8967540219e-18	2.2942677980e-18	7.8576988746e-20	7.3703753903e-15	2.4469282379e-11	1.4568316019e-04	2.1582993383e-45	1.9251193120e-20	7.5600667337e-28	7.6725578112e-36	9.4932723792e-30	7.0744018982e-06	1.2506602066e-13	3.6635622632e-32	3.1815654602e-25	4.5909570866e-35	2.2514879767e-31	1.2976657417e-48	7.2261979350e-28	1.0783995657e-42	3.6249751998e-55	5.6190721679e-26	1.4285350686e-28	1.9096250607e-25	9.8360361215e-32	8.9151532669e-27	1.0255012075e-32	9.5358511797e-38	7.6399779042e-42	1.9090089856e-79	7.1350105854e-42	5.7851332441e-22	6.0062569948e-30	4.7527290528e-43	6.3313580417e-43	1.6391303267e-63	8.0311317501e-20	4.0487499435e-40	1.7236961320e-18	9.2701115467e-01	6.6383089380e-17	1.4668774922e-25	7.8231132166e-09	4.0529651291e-37	8.0906156125e-18	8.3252983048e-09	8.8613677916e-15	5.3487569092e-28	3.7827419950e-14	8.9123910913e-25	1.0468737956e-44	8.7840001500e-71	1.0548019301e-20	8.9550937438e-25	1.6189295413e-04	2.5218062269e-32	5.8347834132e-77	1.4663497847e-97	6.2367773000e-120	1.2121004010e-34	2.7104490818e-10	4.3395501897e-36	2.6366011932e-22	4.6684318882e-67	1.1313380486e-28	4.7095140374e-34	4.6749123510e-60	1.6307369628e-55	6.0683105690e-54	1.7853881796e-50	6.2172012415e-32	3.4274072438e-65	7.6560096373e-32	7.4725574002e-42	2.4754535777e-45	1.1703133794e-51	6.0499379549e-37	3.8744018176e-60	2.3133179091e-42	1.4678384834e-30	1.1026356451e-52	1.0494043990e-45	2.6762414782e-28	2.6504548198e-104	4.1252890072e-72	9.5015630282e-57	3.0791897151e-44	8.9780352580e-64	1.3510896298e-57	1.4114043848e-44	2.8969425395e-70	9.8703141979e-71	6.6970653652e-52	3.2040008064e-70	2.3032912937e-65	5.4992998686e-32	1.0308570650e-43
1.1219554643e-03	9.2000000000e+02	2.0700161500e+16	8.8329242914e+15	2.1688008765e+00	2.3899519880e-28	2.3972558595e-30	6.4025936133e-09	7.2846557968e-02	7.6800230741e-25	5.4894761337e-28	2.7166314271e-19	3.9360148432e-27	1.5058678367e-08	6.8972381758e-18	1.8134345673e-18	7.8575697739e-20	7.3702542962e-15	3.0956309601e-11	2.3316984634e-04	3.4544165873e-45	1.5217841383e-20	5.9761436956e-28	7.6737611587e-36	9.4947612837e-30	4.4198998094e-06	7.8137952699e-14	2.2888971226e-32	1.9877582266e-25	2.8683089601e-35	2.2514509851e-31	1.2976444212e-48	1.1565725647e-27	1.7260077328e-42	9.2862044423e-55	4.4418103562e-26	1.1292401436e-28	1.1930833961e-25	6.1452960695e-32	5.5699527384e-27	6.4070612004e-33	9.5373467622e-38	4.7732567882e-42	4.8903638633e-79	4.4577665194e-42	5.7855393620e-22	6.0066786355e-30	4.7530626955e-43	6.3318025046e-43	1.6392453941e-63	6.3479651081e-20	3.2002118969e-40	1.3624434567e-18	9.2699592403e-01	8.3989119945e-17	2.3481839836e-25	7.8229846841e-09	4.0528985396e-37	8.0904826849e-18	1.3326019931e-08	1.1210596232e-14	1.3704440367e-27	6.0543810866e-14	7.0451401699e-25	8.2754140327e-45	6.9436486433e-71	8.3380850024e-21	7.0788961136e-25	1.6191834507e-04	2.5222017416e-32	5.8356985281e-77	1.4665797639e-97	6.2377554628e-120	1.5338377051e-34	1.6934171330e-10	2.7112365586e-36	1.6472789190e-22	2.9167131738e-67	7.0683018823e-29	2.9423802176e-34	2.0549250238e-60	1.4481274963e-55	3.3746240050e-54	2.0058138412e-50	3.4574230035e-32	1.9061669021e-65	8.6019727444e-32	6.6357825240e-42	2.1982529822e-45	6.5081830910e-52	6.7968688420e-37	2.1545781532e-60	2.5989222592e-42	8.1627380888e-31	7.7575521562e-53	1.4915435323e-45	2.3820619820e-28	1.8650695348e-104	2.2942967695e-72	1.0675559472e-56	1.7125042642e-44	1.0087345529e-63	9.5071879742e-58	2.0064103484e-44	2.0384863199e-70	4.3386386986e-71	5.9471298689e-52	1.4083646792e-70	2.0453693824e-65	2.4172964251e-32	9.1542198077e-44
1.7963264044e-03	9.2000000000e+02	3.3151587018e+16	1.4142107809e+16	2.1710406980e+00	2.1230335864e-28	1.4972859633e-30	5.0599469920e-09	7.2866844599e-02	6.0703370287e-25	3.4286350905e-28	1.6967626076e-19	3.1106185507e-27	1.5060410252e-08	6.8980314209e-18	1.4331508976e-18	7.8573833465e-20	7.3700794308e-15	3.9168644575e-11	3.7330294309e-04	5.5304916093e-45	1.2028274545e-20	4.7235803869e-28	7.6757084775e-36	9.4971707054e-30	2.7605955858e-06	4.8803659948e-14	1.4296069064e-32	1.2415205825e-25	1.7914978609e-35	2.2513975676e-31	1.2976136335e-48	1.8516628504e-27	2.7633237169e-42	2.3802720644e-54	3.5108339675e-26	8.9255828946e-29	7.4517995853e-26	3.8382492668e-32	3.4788994334e-27	4.0017433947e-33	9.5397669905e-38	2.9812964518e-42	1.2535149922e-78	2.7842465003e-42	5.7862047516e-22	6.0073694582e-30	4.7536093410e-43	6.3325307195e-43	1.6394339222e-63	5.0167742783e-20	2.5291160957e-40	1.0767342247e-18	9.2697393027e-01	1.0628516262e-16	3.7604658323e-25	7.8227990772e-09	4.0528023811e-37	8.0902907314e-18	2.1337804656e-08	1.4184631984e-14	3.5137443677e-27	9.6930126846e-14	5.5685217132e-25	6.5409376698e-45	5.4883021921e-71	6.5904731861e-21	5.5952026167e-25	1.6195943400e-04	2.5228417837e-32	5.8371794141e-77	1.4669519280e-97	6.2393383761e-120	1.9415541982e-34	1.0576800525e-10	1.6933930628e-36	1.0288628948e-22	1.8217303242e-67	4.4147432785e-29	1.8377615309e-34	9.0242064281e-61	1.2863954287e-55	1.8751589957e-54	2.2545401712e-50	1.9211674655e-32	1.0593363615e-65	9.6699819913e-32	5.8946745547e-42	1.9527442125e-45	3.6163667568e-52	7.6396989230e-37	1.1972227424e-60	2.9211956338e-42	4.5357443476e-31	5.4542755670e-53	2.1213042060e-45	2.1191665756e-28	1.3117124226e-104	1.2750362989e-72	1.2001022429e-56	9.5170996533e-45	1.1339776643e-63	6.6862860249e-58	2.8543503410e-44	1.4336418539e-70	1.9053138571e-71	5.2829330957e-52	6.1848356722e-71	1.8169352009e-65	1.0615560999e-32	8.1318437387e-44
2.8774044526e-03	9.2000000000e+02	5.3127402033e+16	2.2653212623e+16	2.1746798845e+00	1.8861561107e-28	9.3473627191e-31	3.9978843978e-09	7.2899480285e-02	4.7972639031e-25	2.1404525661e-28	1.0592669624e-19	2.4577121838e-27	1.5063210007e-08	6.8993137761e-18	1.1323382681e-18	7.8570972616e-20	7.3698110885e-15	4.9570426175e-11	5.9792325658e-04	8.8582466725e-45	9.5057007570e-21	3.7329495177e-28	7.6788421802e-36	9.5010480426e-30	1.7234041388e-06	3.0467494036e-14	8.9248511156e-33	7.7506525089e-26	1.1184089564e-35	2.2513155949e-31	1.2975663878e-48	2.9658278941e-27	4.4260447081e-42	6.1067547156e-54	2.7745406857e-26	7.0537066446e-29	4.6520621540e-26	2.3961694014e-32	2.1718319456e-27	2.4982366720e-33	9.5436617181e-38	1.8611848366e-42	3.2159805192e-78	1.7381690990e-42	5.7872804164e-22	6.0084862379e-30	4.7544930447e-43	6.3337079472e-43	1.6397386957e-63	3.9637734638e-20	1.9982647635e-40	8.5073202632e-19	9.2694017945e-01	1.3454057899e-16	6.0258561751e-25	7.8225142516e-09	4.0526548199e-37	8.0899961665e-18	3.4184584712e-08	1.7951559474e-14	9.0187660640e-27	1.5525400530e-13	4.4006894645e-25	5.1691700192e-45	4.3372936084e-71	5.2083169304e-21	4.4217748400e-25	1.6202555594e-04	2.5238717650e-32	5.8395625146e-77	1.4675508292e-97	6.2418856630e-120	2.4588002691e-34	6.6029598444e-11	1.0571633991e-36	6.4230580539e-23	1.1372826924e-67	2.7560671607e-29	1.1472907676e-34	3.9587396031e-61	1.1428658567e-55	1.0410843898e-54	2.5350041259e-50	1.0666281970e-32	5.8827210862e-66	1.0875341399e-31	5.2369762319e-42	1.7348667739e-45	2.0077993317e-52	8.5900746139e-37	6.6469558641e-61	3.2845912789e-42	2.5182358656e-31	3.8325235789e-53	3.0187251155e-45	1.8845721864e-28	9.2213959987e-105	7.0805489115e-73	1.3496945100e-56	5.2850487196e-45	1.2753275290e-63	4.7003023264e-58	4.0636937852e-44	1.0078166139e-70	8.3582323638e-72	4.6934898271e-52	2.7131642111e-71	1.6142106530e-65	4.6568351543e-33	7.2245332606e-44
4.6125648298e-03	9.2000000000e+02	8.5120296195e+16	3.6313772897e+16	2.1787632728e+00	1.6745916720e-28	5.8310601803e-31	3.1562414791e-09	7.2892445547e-02	3.7886815768e-25	1.3352544564e-28	6.6079059840e-20	1.9403095153e-27	1.5055444764e-08	6.8957571075e-18	8.9395606636e-19	7.8502535365e-20	7.3633918017e-15	6.2679535537e-11	9.5681973815e-04	1.4175306226e-44	7.5072112063e-21	2.9481298821e-28	7.6776145647e-36	9.4995291112e-30	1.0750918254e-06	1.9006194218e-14	5.5674895176e-33	4.8350024038e-26	6.9768448354e-36	2.2493546436e-31	1.2964361756e-48	4.7460315982e-27	7.0827265741e-42	1.5651583490e-53	2.1912180343e-26	5.5707271796e-29	2.9020436242e-26	1.4947754144e-32	1.3548295019e-27	1.5584468921e-33	9.5421359741e-38	1.1610420088e-42	8.2425428794e-78	1.0843024845e-42	5.7842970127e-22	6.0053888002e-30	4.7520420536e-43	6.3304428543e-43	1.6388933932e-63	3.1293116497e-20	1.5775859193e-40	6.7163415494e-19	9.2613279174e-01	1.7018093843e-16	9.6496697758e-25	7.8157006492e-09	4.0491248578e-37	8.0829495807e-18	5.4722948971e-08	2.2698925485e-14	2.3131507532e-26	2.4844341654e-13	3.4754834081e-25	4.0823977198e-45	3.4254159703e-71	4.1133143389e-21	3.4921357697e-25	1.6199965293e-04	2.5234682740e-32	5.8386289445e-77	1.4673162120e-97	6.2408877735e-120	3.1123604197e-34	4.1190501939e-11	6.5947835621e-37	4.0068240829e-23	7.0945827404e-68	1.7192863868e-29	7.1570149904e-35	1.7351718756e-61	1.0146740426e-55	5.7750142693e-55	2.8483380111e-50	5.9167086912e-33	3.2643738476e-66	1.2223913251e-31	4.6495604127e-42	1.5402720035e-45	1.1137492699e-52	9.6518328278e-37	3.6871424966e-61	3.6905763171e-42	1.3968942575e-31	2.6905032773e-53	4.2925759306e-45	1.6743376000e-28	6.4786109010e-105	3.9290590791e-73	1.5170602927e-56	2.9327201768e-45	1.4334716042e-63	3.3020488415e-58	5.7826166538e-44	7.0800970902e-71	3.6635321293e-72	4.1670352377e-52	1.1892184647e-71	1.4331495156e-65	2.0411570851e-33	6.4141791677e-44
7.4029157466e-03	9.2000000000e+02	1.3669902806e+17	5.8281630962e+16	2.1869928070e+00	1.4866916692e-28	3.6331823877e-31	2.4905842851e-09	7.2936579722e-02	2.9913503205e-25	8.3196242603e-29	4.1172148629e-20	1.5310946323e-27	1.5054422641e-08	6.8952889507e-18	7.0541907049e-19	7.8452366332e-20	7.3586860397e-15	7.9330369647e-11	1.5336814965e-03	2.2721526323e-44	5.9273122305e-21	2.3276934439e-28	7.6814811701e-36	9.5043132705e-30	6.6986183721e-07	1.1842266750e-14	3.4689583427e-33	3.0125646169e-26	4.3470910939e-36	2.2479171366e-31	1.2956076552e-48	7.6073899335e-27	1.1352866437e-41	4.0238892792e-53	1.7300743375e-26	4.3983629123e-29	1.8081881267e-26	9.3135579829e-33	8.4415912926e-28	9.7102784495e-34	9.5469415910e-38	7.2341516765e-43	2.1190878193e-77	6.7560076005e-43	5.7839043135e-22	6.0049810910e-30	4.7517194348e-43	6.3300130770e-43	1.6387821278e-63	2.4693340067e-20	1.2448701168e-40	5.2998526338e-19	9.2554092313e-01	2.1551265270e-16	1.5485092498e-24	7.8107058278e-09	4.0465371621e-37	8.0777839672e-18	8.7765270439e-08	2.8728900651e-14	5.9537141284e-26	3.9822869000e-13	2.7440649724e-25	3.2232536516e-45	2.7045342694e-71	3.2476638420e-21	2.7572128304e-25	1.6208123931e-04	2.5247391448e-32	5.8415693987e-77	1.4680551828e-97	6.2440308136e-120	3.9459178763e-34	2.5664733609e-11	4.1090386221e-37	2.4965481814e-23	4.4204505293e-68	1.0712427632e-29	4.4593504453e-35	7.5876951194e-62	9.0082106065e-56	3.1982453559e-55	3.2025421196e-50	3.2767167684e-33	1.8088675018e-66	1.3751869234e-31	4.1278497002e-42	1.3674435352e-45	6.1680253312e-53	1.0852083229e-36	2.0419666197e-61	4.1495166847e-42	7.7361030873e-32	1.8870507736e-53	6.1124124923e-45	1.4872515638e-28	4.5495921495e-105	2.1771854611e-73	1.7066887122e-56	1.6250902829e-45	1.6126516645e-63	2.3186214707e-58	8.2435707852e-44	4.9714785928e-71	1.6020179469e-72	3.6994669668e-52	5.2003073975e-72	1.2723408824e-65	8.9257311455e-34	5.6944668323e-44
1.1903931581e-02	9.2000000000e+02	2.1996531646e+17	9.3717201595e+16	2.1998283637e+00	1.3187302898e-28	2.2594336102e-31	1.9628843589e-09	7.2994232566e-02	2.3597148438e-25	5.1738769685e-29	2.5604477422e-20	1.2066894198e-27	1.5050032522e-08	6.8932781701e-18	5.5595631444e-19	7.8357506037e-20	7.3497883204e-15	1.0041419743e-10	2.4602084612e-03	3.6448044419e-44	4.6757367596e-21	1.8361917472e-28	7.6862955756e-36	9.5102701448e-30	4.1657923762e-07	7.3645671097e-15	2.1573045984e-33	1.8734786812e-26	2.7034050802e-36	2.2451990785e-31	1.2940410776e-48	1.2203162863e-26	1.8211354920e-41	1.0366804885e-52	1.3647622839e-26	3.4696311501e-29	1.1244910360e-26	5.7919927193e-33	5.2497268386e-28	6.0387085349e-34	9.5529251829e-38	4.4988342712e-43	5.4594369853e-77	4.2014820657e-43	5.7822176312e-22	6.0032299390e-30	4.7503337547e-43	6.3281671403e-43	1.6383042317e-63	1.9461365463e-20	9.8110957170e-41	4.1769306511e-19	9.2442180984e-01	2.7304057694e-16	2.4885598352e-24	7.8012615510e-09	4.0416443114e-37	8.0680167541e-18	1.4091531704e-07	3.6364251354e-14	1.5366835210e-25	6.3880642418e-13	2.1646447771e-25	2.5426508675e-45	2.1334611388e-71	2.5619067494e-21	2.1750164128e-25	1.6218282451e-04	2.5263215372e-32	5.8452306306e-77	1.4689752935e-97	6.2479442901e-120	5.0084116421e-34	1.5960597494e-11	2.5553630338e-37	1.5525740986e-23	2.7490264546e-68	6.6619333840e-30	2.7732178571e-35	3.3082594952e-62	7.9904935433e-56	1.7671872101e-55	3.6000705390e-50	1.8105465090e-33	1.0004060624e-66	1.5473076436e-31	3.6614992497e-42	1.2129544053e-45	3.4081361070e-53	1.2199141701e-36	1.1282865735e-61	4.6645921302e-42	4.2745758721e-32	1.3214035027e-53	8.7078291809e-45	1.3198281550e-28	3.1922208504e-105	1.2041067310e-73	1.9203007566e-56	8.9876686347e-46	1.8144938730e-63	1.6265944080e-58	1.1765494130e-43	3.4876668661e-71	6.9848498141e-73	3.2815137438e-52	2.2673507639e-72	1.1285961274e-65	3.8916475094e-34	5.0511252949e-44
1.9199822970e-02	9.2000000000e+02	3.5531685794e+17	1.5115625183e+17	2.2210287059e+00	1.1684103116e-28	1.4008537032e-31	1.5442468066e-09	7.3103813835e-02	1.8591934724e-25	3.2078148605e-29	1.5874831131e-20	9.4933064936e-28	1.5046354842e-08	6.8915937039e-18	4.3738377114e-19	7.8222447812e-20	7.3371201101e-15	1.2719637038e-10	3.9543973356e-03	5.8584486645e-44	3.6839617656e-21	1.4467153603e-28	7.6958041415e-36	9.5220351140e-30	2.5828002427e-07	4.5660474648e-15	1.3375334960e-33	1.1615608162e-26	1.6761169705e-36	2.2413292182e-31	1.2918106481e-48	1.9614660900e-26	2.9271882651e-41	2.6829397588e-52	1.0752812511e-26	2.7336843699e-29	6.9718686347e-27	3.5910479568e-33	3.2548419432e-28	3.7440122937e-34	9.5647429198e-38	2.7892869347e-43	1.4129079028e-76	2.6049279271e-43	5.7808046676e-22	6.0017629681e-30	4.7491729460e-43	6.3266207666e-43	1.6379038898e-63	1.5310709127e-20	7.7186173306e-41	3.2860885514e-19	9.2282846192e-01	3.4637764412e-16	4.0118308371e-24	7.7878151743e-09	4.0346780699e-37	8.0541105940e-18	2.2683478962e-07	4.6063215187e-14	3.9887476242e-25	1.0267806414e-12	1.7054999041e-25	2.0033267612e-45	1.6809306571e-71	2.0184982596e-21	1.7136716022e-25	1.6238345771e-04	2.5294468002e-32	5.8524616511e-77	1.4707925341e-97	6.2556734998e-120	6.3724847569e-34	9.8956048116e-12	1.5843305829e-37	9.6259928399e-24	1.7044023209e-68	4.1304130420e-30	1.7194010425e-35	1.4353128188e-62	7.0796698328e-56	9.7287793896e-56	4.0474287257e-50	9.9674824831e-34	5.5156306274e-67	1.7421595830e-31	3.2441307462e-42	1.0746916527e-45	1.8762587306e-53	1.3715052529e-36	6.2114817825e-62	5.2442317385e-42	2.3532541095e-32	9.2308150448e-54	1.2422439783e-44	1.1699055035e-28	2.2371660286e-105	6.6387122324e-74	2.1621235953e-56	4.9552538966e-46	2.0429924859e-63	1.1396460728e-58	1.6834231628e-43	2.4435752562e-71	3.0304286861e-73	2.9074591866e-52	9.8370687695e-73	9.9994924137e-66	1.6884200180e-34	4.4753555182e-44
3.1117444203e-02	9.2000000000e+02	5.7726917343e+17	2.4498122924e+17	2.2553456598e+00	1.0331181128e-28	8.6434293681e-32	1.2113091701e-09	7.3281002817e-02	1.4618545653e-25	1.9792588697e-29	9.7949544126e-21	7.4465617550e-28	1.5040278230e-08	6.8888104690e-18	3.4308438947e-19	7.8003606632e-20	7.3165932146e-15	1.6125121224e-10	6.3731415233e-03	9.4418236907e-44	2.8966411539e-21	1.1375295178e-28	7.7111626972e-36	9.5410382882e-30	1.5936176218e-07	2.8173040956e-15	8.2527363661e-34	7.1669645793e-27	1.0341835564e-36	2.2350587020e-31	1.2881965785e-48	3.1612152052e-26	4.7176303987e-41	6.9883420805e-52	8.4547672379e-27	2.1494529942e-29	4.3017235826e-27	2.2157181226e-33	2.0082751237e-28	2.3100988876e-34	9.5838313262e-38	1.7210222989e-43	3.6802480268e-76	1.6072706590e-43	5.7784700354e-22	5.9993390998e-30	4.7472549479e-43	6.3240657014e-43	1.6372424070e-63	1.2009739820e-20	6.0544933058e-41	2.5776120625e-19	9.2024668553e-01	4.4016895938e-16	6.4967843112e-24	7.7660273794e-09	4.0233903420e-37	8.0315777903e-18	3.6645800261e-07	5.8395921724e-14	1.0439564249e-24	1.6548206428e-12	1.3410077315e-25	1.5751843017e-45	1.3216893193e-71	1.5871134121e-21	1.3474330091e-25	1.6270752720e-04	2.5344948301e-32	5.8641414388e-77	1.4737278023e-97	6.2681579794e-120	8.1369368009e-34	6.1057026190e-12	9.7755029367e-38	5.9393489142e-24	1.0516359447e-68	2.5485126183e-30	1.0608903294e-35	6.1798591756e-63	6.2599029337e-56	5.3251930771e-56	4.5496584273e-50	5.4558507897e-34	3.0263103780e-67	1.9630384508e-31	2.8684873808e-42	9.5025129539e-46	1.0269983112e-53	1.5416900098e-36	3.3999475641e-62	5.8949680750e-42	1.2880888744e-32	6.4233567144e-54	1.7752170945e-44	1.0349461750e-28	1.5649061425e-105	3.6425216051e-74	2.4362473992e-56	2.7188434662e-46	2.3020123092e-63	7.9684631485e-59	2.4172437626e-43	1.7085602139e-71	1.3047763719e-73	2.5707995883e-52	4.2354320885e-73	8.8416343381e-66	7.2696333537e-35	3.9571465618e-44
5.0820559056e-02	9.2000000000e+02	9.4639958806e+17	4.0009979440e+17	2.3110779118e+00	9.1043615239e-29	5.2923745051e-32	9.4564247985e-10	7.3564296706e-02	1.1457057370e-25	1.2119008249e-29	5.9974536500e-21	5.8133673037e-28	1.5029075865e-08	6.8836795152e-18	2.6783845186e-19	7.7641539590e-20	7.2826319994e-15	2.0463971875e-10	1.0312120794e-02	1.5277430456e-43	2.2701973691e-21	8.9152103467e-29	7.7355860934e-36	9.5712574092e-30	9.7577256821e-08	1.7250361788e-15	5.0531530578e-34	4.3883346532e-27	6.3323091498e-37	2.2246842959e-31	1.2822171944e-48	5.1150336034e-26	7.6334056529e-41	1.8381610464e-51	6.6262920811e-27	1.6846002916e-29	2.6339466949e-27	1.3566848994e-33	1.2296674863e-28	1.4144742713e-34	9.6141859846e-38	1.0537824919e-43	9.6802481701e-76	9.8413232714e-44	5.7741660901e-22	5.9948706459e-30	4.7437190768e-43	6.3193553832e-43	1.6360229489e-63	9.3757402537e-21	4.7266100225e-41	2.0122851564e-19	9.1597520361e-01	5.6079393262e-16	1.0594654051e-23	7.7299800389e-09	4.0047150896e-37	7.9942978524e-18	5.9527218556e-07	7.4108745181e-14	2.7674875561e-24	2.6775979002e-12	1.0509939141e-25	1.2345261521e-45	1.0358534095e-71	1.2438754065e-21	1.0560296253e-25	1.6322286718e-04	2.5425222799e-32	5.8827148051e-77	1.4783955080e-97	6.2880109785e-120	1.0448134115e-33	3.7385236231e-12	5.9855435052e-38	3.6366651976e-24	6.4391701781e-69	1.5604550732e-30	6.4958348047e-36	2.6291055512e-63	5.5165444014e-56	2.8884994500e-56	5.1119405967e-50	2.9593710082e-34	1.6479625907e-67	2.2142811531e-31	2.5278567685e-42	8.3740970411e-46	5.5706600945e-54	1.7322240504e-36	1.8442048066e-62	6.6235140727e-42	6.9868715580e-33	4.4422854129e-54	2.5431147932e-44	9.1257731351e-29	1.0915130716e-105	1.9835174160e-74	2.7480545264e-56	1.4805329800e-46	2.5966391378e-63	5.5540896865e-59	3.4900274565e-43	1.1908816651e-71	5.5509271408e-74	2.2655191664e-52	1.8018853989e-73	7.7916972393e-66	3.0927296015e-35	3.4872385310e-44
8.4004791306e-02	9.2000000000e+02	1.5744112028e+18	6.6135242026e+17	2.4028928109e+00	7.9807863905e-29	3.2017391735e-32	7.3272710089e-10	7.4036256726e-02	8.9347149949e-26	7.3316624546e-30	3.6282924184e-21	4.5044632211e-28	1.5011351459e-08	6.8755613097e-18	2.0753349868e-19	7.7052958924e-20	7.2274242277e-15	2.6011476984e-10	1.6788155180e-02	2.4871690158e-43	1.7703993111e-21	6.9524713888e-29	7.7763012166e-36	9.6216343192e-30	5.9031522675e-08	1.0435988428e-15	3.0570168606e-34	2.6548202422e-27	3.8308706695e-37	2.2078195329e-31	1.2724970336e-48	8.3272858807e-26	1.2427201079e-40	4.9090600310e-51	5.1674727030e-27	1.3137250691e-29	1.5934643903e-27	8.2075657801e-34	7.4391458076e-29	8.5571753849e-35	9.6647888430e-38	6.3750905783e-44	2.5852424344e-75	5.9537264806e-44	5.7673563793e-22	5.9878006492e-30	4.7381246144e-43	6.3119027083e-43	1.6340935200e-63	7.2647529285e-21	3.6623939096e-41	1.5592106956e-19	9.0903142972e-01	7.1741544674e-16	1.7471348720e-23	7.6713810361e-09	3.9743563682e-37	7.9336951238e-18	9.7535543420e-07	9.4198620450e-14	7.4866086182e-24	4.3591352311e-12	8.1961107290e-26	9.6273754822e-46	8.0780384451e-72	9.7002850617e-22	8.2353814101e-26	1.6408196681e-04	2.5559044732e-32	5.9136776120e-77	1.4861768260e-97	6.3211070023e-120	1.3539132058e-33	2.2617026674e-12	3.6210871125e-38	2.2000811569e-24	3.8955186153e-69	9.4403185780e-31	3.9297991362e-36	1.0976972900e-63	4.8357440954e-56	1.5446381594e-56	5.7393391800e-50	1.5825370460e-34	8.8693982041e-68	2.5020799949e-31	2.2158923327e-42	7.3406443190e-46	2.9789357083e-54	1.9448233353e-36	9.8619687049e-63	7.4364310593e-42	3.7362612007e-33	3.0425717543e-54	3.6569747141e-44	8.0054166421e-29	7.5813316449e-106	1.0675367212e-74	3.1052299957e-56	7.9682855835e-47	2.9341345527e-63	3.8532920638e-59	5.0835781633e-43	8.2620467587e-72	2.3176086167e-74	1.9859299835e-52	7.5231849036e-74	6.8301188527e-66	1.2912683939e-35	3.0568761726e-44
1.4145356558e-01	9.2000000000e+02	2.6791146661e+18	1.1136347879e+18	2.5554802184e+00	6.9356514523e-29	1.9014114631e-32	5.6105655624e-10	7.4819096188e-02	6.9150515730e-26	4.3540420625e-30	2.1547279219e-21	3.4491130729e-28	1.4979894050e-08	6.8611530568e-18	1.5891050014e-19	7.6072543358e-20	7.1354630713e-15	3.3111423908e-10	2.7554342221e-02	4.0821820795e-43	1.3702062738e-21	5.3808877218e-29	7.8435443429e-36	9.7048343848e-30	3.5056951180e-08	6.1976029123e-16	1.8154654663e-34	1.5766136363e-27	2.2750327275e-37	2.1797274172e-31	1.2563058851e-48	1.3667546105e-25	2.0396723030e-40	1.3394727211e-50	3.9993822146e-27	1.0167617670e-29	9.4630801995e-28	4.8742132987e-34	4.4178730208e-29	5.0818353672e-35	9.7483620737e-38	3.7859643297e-44	7.0540219440e-75	3.5357295410e-44	5.7552704528e-22	5.9752527651e-30	4.7281955199e-43	6.2986756442e-43	1.6306691548e-63	5.5626948355e-21	2.8043320794e-41	1.1939034086e-19	8.9746498794e-01	9.2306843566e-16	2.9296394220e-23	7.5737710094e-09	3.9237869819e-37	7.8327474340e-18	1.6180812073e-06	1.1991054776e-13	2.0869946039e-23	7.1546338867e-12	6.3434064121e-26	7.4511383978e-46	6.2520239860e-72	7.5075670027e-22	6.3738000827e-26	1.6550081417e-04	2.5780058556e-32	5.9648142847e-77	1.4990280740e-97	6.3757667929e-120	1.7797322381e-33	1.3431535627e-12	2.1504489190e-38	1.3065584998e-24	2.3134250944e-69	5.6063061314e-31	2.3337832098e-36	4.4547294774e-64	4.2024725254e-56	8.0823886865e-57	6.4309879011e-50	8.2806963164e-35	4.6909138700e-68	2.8337877906e-31	1.9257070812e-42	6.3793400687e-46	1.5587415163e-54	2.1791943195e-36	5.1603195093e-63	8.3325966056e-42	1.9550154886e-33	2.0527120433e-54	5.2833816991e-44	6.9637852462e-29	5.2355472781e-106	5.6460683092e-75	3.5168990867e-56	4.2143266661e-47	3.3231210387e-63	2.6559493888e-59	7.5034363243e-43	5.6947611746e-72	9.4054340075e-75	1.7258597701e-52	3.0530961366e-74	5.9356711724e-66	5.2402893125e-36	2.6565587168e-44
2.4473920331e-01	9.2000000000e+02	4.7169191059e+18	1.9267813410e+18	2.8117981412e+00	5.9450818493e-29	1.0989715887e-32	4.2190700092e-10	7.6135855850e-02	5.2946892952e-26	2.5165350140e-30	1.2453826084e-21	2.5936867438e-28	1.4922910390e-08	6.8350531653e-18	1.1949856353e-19	7.4428241780e-20	6.9812306416e-15	4.2149013445e-10	4.5635134788e-02	6.7608556187e-43	1.0491341118e-21	4.1200167950e-29	7.9559512197e-36	9.8439156567e-30	2.0262102171e-08	3.5820702941e-16	1.0492968021e-34	9.1124600138e-28	1.3149159871e-37	2.1326127938e-31	1.2291509399e-48	2.2636007918e-25	3.3780781164e-40	3.7552826378e-50	3.0622311310e-27	7.7851012196e-30	5.4694401937e-28	2.8171818865e-34	2.5534278228e-29	2.9371826117e-35	9.8880671467e-38	2.1881993009e-44	1.9776323709e-74	2.0435694148e-44	5.7333773492e-22	5.9525228468e-30	4.7102094192e-43	6.2747154221e-43	1.6244660738e-63	4.1830718650e-21	2.1088200896e-41	8.9779934109e-20	8.7806635827e-01	1.1964055612e-15	5.0302942808e-23	7.4100645908e-09	3.8389746587e-37	7.6634432619e-18	2.7286294971e-06	1.5263950303e-13	6.0659665931e-23	1.1849409402e-11	4.8569942929e-26	5.7051581316e-46	4.7870249589e-72	5.7483641622e-22	4.8802659983e-26	1.6787262834e-04	2.6149516003e-32	6.0502968313e-77	1.5205108447e-97	6.4671387546e-120	2.3914930444e-33	7.7631151036e-13	1.2429094443e-38	7.5516041540e-25	1.3371058820e-69	3.2403145114e-31	1.3488723990e-36	1.7360869463e-64	3.6022633633e-56	4.0981665205e-57	7.1721275411e-50	4.1987181917e-35	2.4218224126e-68	3.2179004340e-31	1.6506720806e-42	5.4682244494e-46	7.9035821512e-55	2.4303357177e-36	2.6165344762e-63	9.2928872706e-42	9.9128850803e-34	1.3541838574e-54	7.6662333080e-44	5.9771575700e-29	3.5923499824e-106	2.9149490170e-75	3.9936057085e-56	2.1757702352e-47	3.7735615447e-63	1.8165164257e-59	1.1287562762e-42	3.8948886818e-72	3.6654641518e-75	1.4793675348e-52	1.1898456182e-74	5.0879216156e-66	2.0422335221e-36	2.2771413924e-44
4.3860635971e-01	9.2000000000e+02	8.6977459491e+18	3.4530575342e+18	3.2402145113e+00	4.9905012718e-29	6.1321826538e-33	3.0928631227e-10	7.8336681824e-02	4.0009745494e-26	1.4042084908e-30	6.9491456441e-22	1.9013474686e-28	1.4814745363e-08	6.7855109720e-18	8.7600513752e-20	7.1679848583e-20	6.7234364718e-15	5.3328833526e-10	7.5855898904e-02	1.1238068710e-42	7.9278662945e-22	3.1133238271e-29	8.1416815640e-36	1.0073720214e-29	1.1306107705e-08	1.9987695358e-16	5.8550009070e-35	5.0846873390e-28	7.3371369107e-38	2.0538623309e-31	1.1837623885e-48	3.7626156605e-25	5.6151286345e-40	1.0773662164e-49	2.3139995826e-27	5.8828743496e-30	3.0519084048e-28	1.5719672896e-34	1.4247944136e-29	1.6389268337e-35	1.0118902413e-37	1.2209995175e-44	5.6736989208e-74	1.1402970783e-44	5.6918203807e-22	5.9093774563e-30	4.6760686306e-43	6.2292346984e-43	1.6126915331e-63	3.0664740530e-21	1.5459074804e-41	6.5814752246e-20	8.4564221997e-01	1.5603945839e-15	8.8847680730e-23	7.1364349763e-09	3.6972137951e-37	7.3804571962e-18	4.6753694186e-06	1.9312638615e-13	1.8491980170e-22	1.9696394145e-11	3.6702268007e-26	4.3111486268e-46	3.6173539107e-72	4.3437976114e-22	3.6878122520e-26	1.7179158664e-04	2.6759972060e-32	6.1915399941e-77	1.5560069148e-97	6.6181130220e-120	3.3142694554e-33	4.3317625557e-13	6.9353455657e-39	4.2137409627e-25	7.4609549329e-70	1.8080722599e-31	7.5266112541e-37	6.4393550861e-65	3.0238607890e-56	1.9969898366e-57	7.9095119645e-50	2.0459875200e-35	1.2164937672e-68	3.6581004451e-31	1.3856295547e-42	4.5902111618e-46	3.8513255012e-55	2.6802046292e-36	1.2750074283e-63	1.0248312322e-41	4.8304359176e-34	8.6692042863e-55	1.1107058685e-43	5.0270321239e-29	2.4569530848e-106	1.4641937792e-75	4.5399200875e-56	1.0929005018e-47	4.2897744817e-63	1.2356731643e-59	1.7377203766e-42	2.6494720081e-72	1.3595646968e-75	1.2418307686e-52	4.4132803654e-75	4.2709721969e-66	7.5748895209e-37	1.9115089245e-44
7.8843464572e-01	9.2000000000e+02	1.6177764792e+19	6.2071835791e+18	3.7698791603e+00	4.0609193207e-29	3.1215544293e-33	2.2514652987e-10	8.1056780830e-02	3.0223632424e-26	7.4724689975e-31	4.2246820895e-22	1.2665217525e-28	1.3400376449e-08	5.8712242346e-18	5.5818879987e-20	6.2480367355e-20	5.6061033945e-15	6.0828052507e-10	1.1322087833e-01	1.5348836101e-42	5.4800408020e-22	2.0586147158e-29	7.6421090870e-36	9.4555981068e-30	5.5054427454e-09	9.3103317494e-17	3.2571382395e-35	3.0911983475e-28	3.4176615916e-38	1.4990324522e-31	7.9058914534e-49	4.9158308058e-25	6.7129495430e-40	2.3056022592e-49	1.4636504019e-27	3.5594832623e-30	1.5535574748e-28	8.7448573478e-35	6.3485996502e-30	6.9856786811e-36	7.6076240123e-38	4.7622384492e-45	9.3030881708e-74	4.0696799951e-45	5.6263583450e-22	5.5878049268e-30	4.2296427253e-43	5.6345274862e-43	1.3953958148e-63	2.1353405831e-21	1.0297567823e-41	5.2357777482e-20	8.0553895576e-01	2.0183941074e-15	1.5605916407e-22	6.5028615188e-09	3.2227087623e-37	7.6831011502e-18	7.9137586265e-06	2.6308145289e-13	5.5618243005e-22	3.5109987658e-11	2.6521438412e-26	2.9800288629e-46	2.3918931684e-72	3.5859468404e-22	3.3270280526e-26	1.7621967913e-04	2.6257989693e-32	5.5593127331e-77	1.3364639486e-97	5.4375493003e-120	4.6164908071e-33	2.5191299134e-13	3.5304001677e-39	2.3441049863e-25	3.6330681860e-70	1.2012455661e-31	5.4647323366e-37	2.2409245639e-65	2.2515862595e-56	9.0940230440e-58	7.7067596746e-50	8.9126423343e-36	5.7486569973e-69	3.6987422474e-31	9.4410552527e-43	3.1275629950e-46	1.9166544245e-55	2.8539310525e-36	6.0697332912e-64	1.0438814465e-41	2.6270800756e-34	5.6455747299e-55	1.5476399189e-43	4.0978798352e-29	1.7380012205e-106	7.5615087797e-76	5.0164910871e-56	5.3990062628e-48	4.3374342354e-63	8.6653311422e-60	2.6073742707e-42	1.7773141020e-72	4.9460834498e-76	9.6664255364e-53	1.5358414384e-75	3.1801934628e-66	3.1482408952e-37	1.6998473251e-44
1.2613840259e+00	9.2000000000e+02	2.5882255831e+19	9.9306166399e+18	3.7698960938e+00	3.2136974870e-29	1.2195878873e-33	1.7800146075e-10	8.1057153234e-02	2.3736560421e-26	3.6927032078e-31	4.2246291315e-22	6.2588533972e-29	8.3205470361e-09	2.8822089142e-18	2.1808467710e-20	3.9054010230e-20	2.7704165520e-15	4.8091232666e-10	1.1322138208e-01	9.5940327833e-43	2.6901638827e-22	7.9897267610e-30	4.7136890900e-36	5.8322577091e-30	1.7005771900e-09	2.2736895403e-17	2.0358911967e-35	3.0911595981e-28	8.3463206493e-39	3.6608398539e-32	1.2068251727e-49	2.4293192134e-25	2.0735993989e-40	1.4411653996e-49	4.4911350973e-28	8.6351050755e-31	6.0697319922e-29	5.4660185665e-35	1.2257611633e-30	1.0663467031e-36	1.4494601657e-38	4.5438582983e-46	1.4201297535e-74	2.4271561693e-46	5.5890558950e-22	4.3884808616e-30	2.6262651184e-43	3.4985846221e-43	6.8500573229e-64	1.3347114046e-21	5.0888164554e-42	6.6224043516e-20	8.0553569889e-01	2.5360450784e-15	2.4637295404e-22	5.1412018879e-09	2.0143879797e-37	1.2291672424e-17	1.2576903674e-05	5.3235899182e-13	1.4047559836e-21	8.9863840401e-11	1.6467592503e-26	1.4629026144e-46	9.2832197835e-73	4.5055846985e-22	6.6877488690e-26	1.7389147434e-04	2.0485532888e-32	2.7110074742e-77	5.1526277265e-98	1.6574354911e-120	5.7238548735e-33	1.9916225253e-13	1.3793234683e-39	1.4651950132e-25	1.1222190789e-70	1.9217749863e-31	1.3986717925e-36	6.9152385925e-66	1.1137636477e-56	3.5495714091e-58	4.8218778101e-50	2.7503518383e-36	2.2289436208e-69	2.2988533755e-31	2.9190988756e-43	9.6701749728e-47	1.1968503910e-55	2.8566961151e-36	2.9965916627e-64	8.2610196388e-42	2.6244937530e-34	4.4590685196e-55	1.9594330357e-43	3.2366597617e-29	1.3727448204e-106	4.6904804533e-76	4.9880802506e-56	2.6477965355e-48	2.6958151356e-63	6.7537781181e-60	3.2575382047e-42	1.0951855885e-72	1.9305429256e-76	6.0479535952e-53	4.7394321783e-76	1.5731060076e-66	2.4865675016e-37	2.1521212253e-44
2.0180362230e+00	9.2000000000e+02	4.1408237319e+19	1.5887583547e+19	3.7699211193e+00	2.5427325820e-29	4.7649461300e-34	1.4072827640e-10	8.1057721435e-02	1.8567536639e-26	1.8248452218e-31	4.2245498145e-22	3.0929941933e-29	5.1458170149e-09	1.4092601691e-18	8.5206502656e-21	2.4411214910e-20	1.3690902997e-15	3.8021487213e-10	1.1322206623e-01	5.9969488648e-43	1.3153513154e-22	3.0885754469e-30	2.8843110404e-36	3.5687642905e-30	5.2529649609e-10	5.5526791568e-18	1.2725443699e-35	3.0911015619e-28	2.0382923826e-39	8.9404120630e-33	1.8422462824e-50	1.2005409940e-25	6.4053636493e-41	9.0084145499e-50	1.3726052899e-28	2.0865098407e-31	2.3714523790e-29	3.4165633036e-35	2.3666854174e-31	1.6277824803e-37	2.7397046800e-39	4.3356003428e-47	2.1679144149e-75	1.4476004411e-47	5.5298632072e-22	3.4328387643e-30	1.6242056770e-43	2.1636890217e-43	3.3493453212e-64	8.3427347404e-22	2.5147864550e-42	8.3761987440e-20	8.0553057063e-01	3.1737472466e-15	3.8585713207e-22	4.0646687182e-09	1.2591192965e-37	1.9664444816e-17	1.9908041426e-05	1.0772456242e-12	3.5197616712e-21	2.3000355686e-10	1.0184269325e-26	7.1528388681e-47	3.5885989033e-73	5.6384682249e-22	1.3389470798e-25	1.7022875590e-04	1.5854960444e-32	1.3115206573e-77	1.9707722946e-98	5.0119597897e-121	7.0123144442e-33	1.5745705968e-13	5.3890351738e-40	9.1582775538e-26	3.4664568799e-71	3.0744530060e-31	3.5797658103e-36	2.1343947115e-66	5.5082704685e-57	1.3857437156e-58	3.0163230431e-50	8.4890387541e-37	8.6096358646e-70	1.4228254454e-31	9.0239680114e-44	2.9893934168e-47	7.4751574179e-56	2.8589013643e-36	1.4796919303e-64	6.5363010080e-42	2.6224033854e-34	3.5226058794e-55	2.4803044160e-43	2.5569347938e-29	1.0844649812e-106	2.8985213753e-76	4.9390936388e-56	1.2936209736e-48	1.6685163186e-63	5.2230489820e-60	4.0366535647e-42	6.6961980798e-73	7.5367440751e-77	3.7832706110e-53	1.4628300733e-76	7.7800109417e-67	1.9643314678e-37	2.7241806406e-44
3.2285728482e+00	9.2000000000e+02	6.6248136645e+19	2.5417889075e+19	3.7699685568e+00	2.0115468799e-29	1.8616977329e-34	1.1125984007e-10	8.1058690887e-02	1.4431766869e-26	9.0180119357e-32	4.2244093514e-22	1.5285124304e-29	3.1622125408e-09	6.8469049525e-19	3.3291166579e-21	1.5258714946e-20	6.7659231852e-16	3.0060511179e-10	1.1322361915e-01	3.7486000774e-43	6.3905727914e-23	1.1863767881e-30	1.7425568783e-36	2.1560693955e-30	1.6226396444e-10	1.3560839073e-18	7.9541046606e-36	3.0909987851e-28	4.9779492394e-40	2.1834925606e-33	2.8123843787e-51	5.9331067462e-26	1.9787082576e-41	5.6311529806e-50	4.1684682539e-29	5.0097686552e-32	9.2654300745e-30	2.1355406333e-35	4.5697339996e-32	2.4849242807e-38	5.1130570759e-40	4.1371268697e-48	3.3097067686e-76	8.6343790752e-49	5.4364863105e-22	2.6682328088e-30	9.9810847253e-44	1.3296323089e-43	1.6272828517e-64	5.2147308965e-22	1.2427706346e-42	1.0594274677e-19	8.0552270300e-01	3.9465257709e-15	5.9664497293e-22	3.2135666902e-09	7.8703753577e-38	3.1458980212e-17	3.1311929986e-05	2.1797986778e-12	8.7072317229e-21	5.8867405296e-10	6.2583737350e-27	3.4751732801e-47	1.3784446952e-73	7.0112191958e-22	2.6635632397e-25	1.6452995844e-04	1.2115563815e-32	6.2644999411e-78	7.4424191616e-99	1.4964136450e-121	8.4279178357e-33	1.2448416221e-13	2.1055336812e-40	5.7244289390e-26	1.0707877172e-71	4.9183633702e-31	9.1616682294e-36	6.5889286979e-67	2.7238145463e-57	5.4108025356e-59	1.8865956349e-50	2.6206178034e-37	3.3050018223e-70	8.7490469899e-32	2.7892833379e-44	9.2401316556e-48	4.6694561617e-56	2.8606672088e-36	7.3077497833e-65	5.1709056505e-42	2.6206718819e-34	2.7832275248e-55	3.1391484060e-43	2.0202699647e-29	8.5685951486e-107	1.7800435158e-76	4.8587390858e-56	6.2809822188e-49	1.0259816284e-63	3.9886420038e-60	4.9379267673e-42	4.0429247268e-73	2.9427775630e-77	2.3662644601e-53	4.5157922281e-77	3.8471798170e-67	1.5519911149e-37	3.4477245807e-44
5.1652604565e+00	9.2000000000e+02	1.0598942591e+20	4.0665031733e+19	3.7700299003e+00	1.5911349982e-29	7.2738713007e-35	8.7961845743e-11	8.1060059710e-02	1.1103530152e-26	4.4565441098e-32	4.2242175996e-22	7.5537560583e-30	1.9235711037e-09	3.2929150418e-19	1.3007446060e-21	9.5378278260e-21	3.3437024277e-16	2.3766510308e-10	1.1322533835e-01	2.3432238678e-43	3.0734024690e-23	4.5109844485e-31	1.0315488982e-36	1.2763376835e-30	5.0124212713e-11	3.3119294975e-19	4.9717543879e-36	3.0908584804e-28	1.2157519778e-40	5.3328502867e-34	4.2935886103e-52	2.9322154230e-26	6.1127066735e-42	3.5201012260e-50	1.2531245155e-29	1.1907057155e-32	3.6201121544e-30	1.3348307530e-35	8.8237761297e-33	3.7935495312e-39	9.3503677734e-41	3.9479306635e-49	5.0531428924e-77	5.1503870482e-50	5.2905083999e-22	2.0529192571e-30	6.0714850483e-44	8.0881416253e-44	7.8261699508e-65	3.2595439659e-22	6.1416485881e-43	1.3399514187e-19	8.0551053631e-01	4.8577100687e-15	9.0397379331e-22	2.5406789920e-09	4.9195679554e-38	5.0326879429e-17	4.8748810430e-05	4.4107179274e-12	2.1105470225e-20	1.5066255624e-09	3.8069055788e-27	1.6713065460e-47	5.2412881351e-74	8.6297266263e-22	5.2447939103e-25	1.5581518034e-04	9.0714653740e-33	2.9319617851e-78	2.7539437231e-99	4.3778576283e-122	9.8244507231e-33	9.8415482546e-14	8.2265669369e-41	3.5780840094e-26	3.3077209405e-72	7.8679722497e-31	2.3446536085e-35	2.0342894420e-67	1.3467670522e-57	2.1129886296e-59	1.1798622647e-50	8.0911117860e-38	1.2560092783e-70	5.3247461031e-32	8.6207620727e-45	2.8558223340e-48	2.9171831704e-56	2.8620798475e-36	3.6095254209e-65	4.0902519528e-42	2.6192199363e-34	2.1992958036e-55	3.9724989736e-43	1.5964338180e-29	6.7710879037e-107	1.0822153397e-76	4.7306809079e-56	3.0191150921e-49	6.2442134373e-64	2.9849106227e-60	5.9179041790e-42	2.3920539352e-73	1.1491754361e-77	1.4798210137e-53	1.3942218642e-77	1.9022055039e-67	1.2263403315e-37	4.3628608027e-44
8.2636871486e+00	9.2000000000e+02	1.6957257360e+20	6.5058306925e+19	3.7701299667e+00	1.2584723388e-29	2.8420616176e-35	6.9542238387e-11	8.1062184179e-02	8.4055510786e-27	2.2023752967e-32	4.2239145309e-22	3.7330757754e-30	1.1513274286e-09	1.5582814179e-19	5.0824210689e-22	5.9619633430e-21	1.6525027950e-16	1.8790624506e-10	1.1322840678e-01	1.4647890001e-43	1.4543671934e-23	1.6877212659e-31	5.9119562303e-37	7.3148762341e-31	1.5484250917e-11	8.0890678512e-20	3.1076208328e-36	3.0906367252e-28	2.9693567588e-41	1.3025615410e-34	6.5555450790e-53	1.4492119966e-26	1.8885092706e-42	2.2005837650e-50	3.7067933767e-30	2.7847316408e-33	1.4144574986e-30	8.3434287635e-36	1.7039099352e-33	5.7917882070e-40	1.6555560145e-41	3.7677835733e-50	7.7160118573e-78	3.0725985213e-51	5.0656886886e-22	1.5541313323e-30	3.6340051349e-44	4.8410476126e-44	3.7035195421e-65	2.0374451883e-22	3.0352104818e-43	1.6947040456e-19	8.0549255417e-01	5.8831328033e-15	1.3259271355e-21	2.0086989866e-09	3.0751534153e-38	8.0508324571e-17	7.4675313963e-05	8.9245441918e-12	4.9525719919e-20	3.8558316547e-09	2.2785154608e-27	7.9088028178e-48	1.9609540993e-74	1.0450874568e-21	1.0160954495e-24	1.4285703723e-04	6.5757316024e-33	1.3285394504e-78	9.8661103812e-100	1.2400160368e-122	1.0909049384e-32	7.7804913745e-14	3.2143007718e-41	2.2364999439e-26	1.0218131764e-72	1.2585838117e-30	5.9999619214e-35	6.2814851109e-68	6.6585343902e-58	8.2524465991e-60	7.3782513939e-51	2.4984376925e-38	4.6970933780e-71	3.1883928406e-32	2.6642890590e-45	8.8260598480e-49	1.8226351596e-56	2.8632176633e-36	1.7830392702e-65	3.2351724729e-42	2.6179327966e-34	1.7380235752e-55	5.0265775314e-43	1.2616348265e-29	5.3512044834e-107	6.4744147029e-77	4.5315529373e-56	1.4280429069e-49	3.7389586345e-64	2.1627430076e-60	6.8655935368e-42	1.3703115298e-73	4.4880859432e-78	9.2538103550e-54	4.3050825020e-78	9.4046707958e-68	9.6908431504e-38	5.5202466701e-44
1.3220732665e+01	9.2000000000e+02	2.7130217088e+20	1.0408410532e+20	3.7702691214e+00	9.9528718720e-30	1.1104878113e-35	5.4979519475e-11	8.1065170882e-02	6.2025810287e-27	1.0884053107e-32	4.2234903121e-22	1.8449348855e-30	6.7173967516e-10	7.1883468130e-20	1.9859388036e-22	3.7268118669e-21	8.1671654292e-17	1.4856732819e-10	1.1323258612e-01	9.1569968096e-44	6.7087604911e-24	6.1553098864e-32	3.2194919189e-37	3.9834843166e-31	4.7835628946e-12	1.9757898408e-20	1.9424344316e-36	3.0903263244e-28	7.2527824289e-42	3.1817814505e-35	1.0010202559e-53	7.1629330993e-27	5.8349892284e-43	1.3757696427e-50	1.0688790362e-30	6.3488418950e-34	5.5267549517e-31	5.2151031864e-36	3.2905605483e-34	8.8433518597e-41	2.7855112470e-42	3.5962687918e-51	1.1783833384e-78	1.8333018478e-52	4.7280132224e-22	1.1468559799e-30	2.1202529952e-44	2.8244995039e-44	1.7084322890e-65	1.2735593541e-22	1.5000407277e-43	2.1433059888e-19	8.0546696907e-01	6.9451682078e-15	1.8479137053e-21	1.5881153635e-09	1.9222725101e-38	1.2878492544e-16	1.1150262829e-04	1.8056942590e-11	1.1042329105e-19	9.8675689120e-09	1.3293496215e-27	3.6482027452e-48	7.1518208595e-75	1.2336641009e-21	1.9187431179e-24	1.2445025908e-04	4.5291763020e-33	5.7202046401e-79	3.3586446898e-100	3.3375392033e-123	1.1219383293e-32	6.1509810295e-14	1.2559340047e-41	1.3979358264e-26	3.1566961954e-73	2.0131519625e-30	1.5352565130e-34	1.9397968326e-68	3.2918902625e-58	3.2233730066e-60	4.6137502472e-51	7.7157357732e-39	1.7124228587e-71	1.8609145807e-32	8.2339837684e-46	2.7276932764e-49	1.1388476309e-56	2.8641320320e-36	8.8086178425e-66	2.5586865724e-42	2.6167510652e-34	1.3735847888e-55	6.3598223744e-43	9.9712221228e-30	4.2294232897e-107	3.7758990349e-77	4.2309676829e-56	6.5847925506e-50	2.1822538776e-64	1.4890616792e-60	7.5676083899e-42	7.4594715883e-74	1.7529684283e-78	5.7863715331e-54	1.3294603512e-78	4.6495433379e-68	7.6582854410e-38	6.9839522340e-44
2.1151307441e+01	9.2000000000e+02	4.3406629443e+20	1.6651988715e+20	3.7704529466e+00	7.8709576714e-30	4.3391829080e-36	4.3466132260e-11	8.1069109727e-02	4.3998656491e-27	5.3789422987e-33	4.2229306795e-22	9.1181546912e-31	3.7676935886e-10	3.1878033752e-20	7.7603212927e-23	2.3296739010e-21	4.0366114234e-17	1.1746614859e-10	1.1323810541e-01	5.7246651217e-44	2.9749872710e-24	2.1581452680e-32	1.6202380502e-37	2.0047240449e-31	1.4778609620e-12	4.8262605568e-21	1.2141285549e-36	3.0899168415e-28	1.7716366914e-42	7.7728398783e-36	1.5287205258e-54	3.5405916960e-27	1.8030213347e-43	8.6016566915e-51	2.9631063507e-31	1.3915573824e-34	2.1595555016e-31	3.2597268627e-36	6.3551796351e-35	1.3504010817e-41	4.3314773008e-43	3.4330005405e-52	1.7999089751e-79	1.0940358646e-53	4.2420658238e-22	8.1357113537e-31	1.1892201565e-44	1.5842221422e-44	7.5763542839e-66	7.9608084671e-23	7.4135968190e-44	2.7105559697e-19	8.0543323207e-01	7.8815791463e-15	2.3799115809e-21	1.2556013792e-09	1.2016351395e-38	2.0600178549e-16	1.6004692294e-04	3.6532712805e-11	2.2751148551e-19	2.5251060669e-08	7.4557976522e-28	1.6177886725e-48	2.5075371720e-75	1.3998710770e-21	3.4828285274e-24	1.0018701500e-04	2.8828549152e-33	2.2760981272e-79	1.0566506039e-100	8.3019793095e-124	1.0250222221e-32	4.8626696397e-14	4.9075075938e-42	8.7378692287e-27	9.7524756728e-74	3.2199057039e-30	3.9280018855e-34	5.9908652170e-69	1.6274226960e-58	1.2591446355e-60	2.8849670172e-51	2.3830344973e-39	6.0019584264e-72	1.0440712119e-32	2.5447251447e-46	8.4299773511e-50	7.1163094022e-57	2.8648636024e-36	4.3519600086e-66	2.0235592877e-42	2.6156266492e-34	1.0856164712e-55	8.0461412711e-43	7.8811396230e-30	3.3430386347e-107	2.1170274241e-77	3.7972355233e-56	2.9190137182e-50	1.2243595027e-64	9.4747434981e-61	7.7078834711e-42	3.7527597859e-74	6.8473017921e-79	3.6180403574e-54	4.1059030727e-79	2.2986101453e-68	6.0521981922e-38	8.8349596122e-44
3.3839116006e+01	9.2000000000e+02	6.9448448141e+20	2.6640839078e+20	3.7706689485e+00	6.2242144606e-30	1.6955546693e-36	3.4363663732e-11	8.1073719144e-02	2.9453458326e-27	2.6583239855e-33	4.2222751352e-22	4.5065173827e-31	1.9942901413e-10	1.3341267988e-20	3.0325405215e-23	1.4563289536e-21	1.9951433736e-17	9.2876819288e-11	1.1324458735e-01	3.5789907588e-44	1.2449950460e-24	7.1409501523e-33	7.2617285404e-38	8.9849524337e-32	4.5659403444e-13	1.1789631638e-21	7.5889708037e-37	3.0894371799e-28	4.3277696555e-43	1.8989578868e-36	2.3347981491e-55	1.7501656366e-27	5.5717266675e-44	5.3782221413e-51	7.7520288818e-32	2.8784724564e-35	8.4385574244e-32	2.0375084573e-36	1.2274678274e-35	2.0622337012e-42	5.9987574748e-44	3.2774389136e-53	2.7495654871e-80	6.5294699069e-55	3.5917370783e-22	5.4464745976e-31	6.2946998693e-45	8.3854977204e-45	3.1707781497e-66	4.9762071881e-23	3.6640640639e-44	3.4278452812e-19	8.0539376421e-01	8.4405477418e-15	2.7295866373e-21	9.9271210567e-10	7.5116781128e-39	3.2950656469e-16	2.1678786743e-04	7.3910350929e-11	4.1744560853e-19	6.4614981107e-08	3.9462428560e-28	6.7702436993e-49	8.2970308886e-76	1.4989919112e-21	5.9656491812e-24	7.1826877821e-05	1.6341471224e-33	8.0657541454e-80	2.9605896726e-101	1.8391674692e-124	7.8702314402e-33	3.8441485199e-14	1.9176300220e-42	5.4616485373e-27	3.0130860262e-74	5.1497968749e-30	1.0049234998e-33	1.8503531602e-69	8.0453134866e-59	4.9189335032e-61	1.8039051975e-51	7.3606891442e-40	1.9853484065e-72	5.5277882108e-33	7.8644637548e-47	2.6052814178e-50	4.4469733083e-57	2.8654390554e-36	2.1502423548e-66	1.6002799907e-42	2.6145672857e-34	8.5805747563e-56	1.0179000469e-42	6.2294836090e-30	2.6425750198e-107	1.1201717125e-77	3.2159047555e-56	1.2212007689e-50	6.4823164817e-65	5.3691340908e-61	6.9911634298e-42	1.6814361126e-74	2.6748025666e-79	2.2621593495e-54	1.2681591808e-79	1.1363390253e-68	4.7830724149e-38	1.1175730197e-43
5.4137855490e+01	9.2000000000e+02	1.1111398335e+21	4.2621618600e+20	3.7708826697e+00	4.9217554419e-30	6.6254266396e-37	2.7167398184e-11	8.1078225181e-02	1.8267176171e-27	1.3137656921e-33	4.2216322498e-22	2.2272744227e-31	9.7799848601e-11	5.1729584959e-21	1.1850354375e-23	9.1038017128e-22	9.8611930726e-18	7.3434690144e-11	1.1325099158e-01	2.2375318620e-44	4.8271060100e-25	2.1891083657e-33	2.7936782345e-38	3.4566241236e-32	1.4106664293e-13	2.8799594971e-22	4.7435211658e-37	3.0889667809e-28	1.0571832695e-43	4.6392398133e-37	3.5658651982e-56	8.6512696685e-28	1.7217678409e-44	3.3627356869e-51	1.8789649854e-32	5.5164213283e-36	3.2973895900e-32	1.2735540487e-36	2.3707639119e-36	3.1492570886e-43	7.1311226733e-45	3.1288801873e-54	4.2002035664e-81	3.8968738201e-56	2.8175412725e-22	3.3781060292e-31	3.0869163992e-45	4.1122421984e-45	1.2294411433e-66	3.1105636148e-23	1.8109052911e-44	4.3349661175e-19	8.0535521844e-01	8.3746565614e-15	2.6872645288e-21	7.8486430493e-10	4.6956992719e-39	5.2705895194e-16	2.7205829706e-04	1.4953092293e-10	6.5746810086e-19	1.6534444093e-07	1.9351337001e-28	2.6249649873e-49	2.5435130257e-76	1.4871347411e-21	9.4672675093e-24	4.4201730412e-05	7.9512513430e-34	2.4534284671e-80	7.1203064527e-102	3.4973072511e-125	4.8057032229e-33	3.0389676244e-14	7.4931922058e-43	3.4138285820e-27	9.3090557149e-75	8.2364464053e-30	2.5709799394e-33	5.7153016540e-70	3.9770636782e-59	1.9217022986e-61	1.1278826350e-51	2.2736608350e-40	6.0846895359e-73	2.7113659004e-33	2.4303721532e-47	8.0511572136e-51	2.7790450634e-57	2.8658752686e-36	1.0624549504e-66	1.2654766308e-42	2.6136461955e-34	6.7823168136e-56	1.2876619716e-42	4.9242082710e-30	2.0889783611e-107	5.4916417972e-78	2.5232240807e-56	4.7336562322e-51	3.1795595623e-65	2.6117945526e-61	5.4427609267e-42	6.4670642827e-75	1.0449228269e-79	1.4143298965e-54	3.9170426595e-80	5.6172984077e-69	3.7802742149e-38	1.4136024814e-43
8.6613127759e+01	9.2000000000e+02	1.7777474290e+21	6.8188731594e+20	3.7710553705e+00	3.8916511311e-30	2.5888115222e-37	2.1478238485e-11	8.1081712131e-02	1.0431210966e-27	6.4926182966e-34	4.2211274818e-22	1.1007624313e-31	4.4157455177e-11	1.8466707770e-21	4.6305847291e-24	5.6908343553e-22	4.8737948546e-18	5.8061427231e-11	1.1325613571e-01	1.3988083347e-44	1.7231354022e-25	6.1785200110e-34	9.1107669575e-39	1.1272771668e-32	4.3580834593e-14	7.0346455554e-23	2.9649554292e-37	3.0885974423e-28	2.5822965897e-44	1.1332833057e-37	5.4453505938e-57	4.2761552183e-28	5.3200713904e-45	2.1024106324e-51	4.1929580028e-33	9.7329363389e-37	1.2884181847e-32	7.9603966318e-37	4.5785585925e-37	4.8087612192e-44	7.1855431781e-46	2.9866428179e-55	6.4150924758e-82	2.3253051546e-57	2.0350115756e-22	1.9290989409e-31	1.3937687479e-45	1.8567119801e-45	4.3889256663e-67	1.9443494797e-23	8.9498469106e-45	5.4823538461e-19	8.0532535927e-01	7.6506245395e-15	2.2427780036e-21	6.2053045981e-10	2.9353063239e-39	8.4308980012e-16	3.1435845393e-04	3.0253730970e-10	8.7784355793e-19	4.2312706985e-07	8.7369312099e-29	9.3703558398e-50	7.1787885762e-77	1.3584522399e-21	1.3834053371e-23	2.3059430030e-05	3.2796644124e-34	6.3261077140e-81	1.4515984521e-102	5.6372361390e-126	2.2904047179e-33	2.4024744150e-14	2.9278812332e-43	2.1338261672e-27	2.8759202666e-75	1.3174031258e-29	6.5782177290e-33	1.7653433929e-70	1.9658287043e-59	7.5077436342e-62	7.0514807312e-52	7.0231773294e-41	1.7170164189e-73	1.2243828636e-33	7.5097445576e-48	2.4877726643e-51	1.7367993866e-57	2.8661864668e-36	5.2498781172e-67	1.0006585590e-42	2.6129530642e-34	5.3612421856e-56	1.6288545751e-42	3.8926170549e-30	1.6514144276e-107	2.4789568615e-78	1.8227020275e-56	1.6894607683e-51	1.4358070378e-65	1.0770894313e-61	3.5919071319e-42	2.1086502856e-75	4.0821562820e-80	8.8419737407e-55	1.2098968344e-80	2.7765827616e-69	2.9879603448e-38	1.7880181075e-43
1.3856961779e+02	9.2000000000e+02	2.8442373562e+21	1.0909300609e+21	3.7711815320e+00	3.0770061022e-30	1.0115011161e-37	1.6980535580e-11	8.1083855303e-02	5.5667797633e-28	3.2085638751e-34	4.2207919052e-22	5.4399706066e-32	1.8632048198e-11	6.1605736524e-22	1.8093138378e-24	3.5572625466e-22	2.4086979084e-18	4.5905498006e-11	1.1325979111e-01	8.7442478454e-45	5.7482936596e-26	1.6295928640e-34	2.5949445815e-39	3.2107305448e-33	1.3462837123e-14	1.7181393484e-23	1.8532494171e-37	3.0883519010e-28	6.3069920796e-45	2.7680818475e-38	8.3141243010e-58	2.1134541165e-28	1.6436413298e-45	1.3143349716e-51	8.7436000586e-34	1.6046812194e-37	5.0341109065e-33	4.9756567240e-37	8.8413799717e-38	7.3417502542e-45	6.3227837559e-47	2.8503612936e-56	9.7958501310e-83	1.3872246894e-58	1.3736409072e-22	1.0295227539e-31	5.8809472568e-46	7.8343163042e-46	1.4641646014e-67	1.2153522443e-23	4.4230165149e-45	6.9337719870e-19	8.0530634277e-01	6.5319107457e-15	1.6348700903e-21	4.9060047502e-10	1.8348197464e-39	1.3486937638e-15	3.3947321830e-04	6.1214664799e-10	1.0237363606e-18	1.0828900579e-06	3.6864075125e-29	3.1259039187e-50	1.8934150274e-77	1.1597475258e-21	1.8893755755e-23	1.0506824722e-05	1.1814829029e-34	1.4245734526e-81	2.5844603645e-103	7.9353250721e-127	8.9102267526e-34	1.8993253255e-14	1.1439825225e-43	1.3337509433e-27	8.8841910645e-76	2.1073367049e-29	1.6833454734e-32	5.4527599162e-71	9.7160638326e-60	2.9331456898e-62	4.4082075243e-52	2.1693666028e-41	4.5280919339e-74	5.1667272717e-34	2.3201714714e-48	7.6860925414e-52	1.0854845020e-57	2.8663942149e-36	2.5941692442e-67	7.9121134736e-43	2.6124942806e-34	4.2381509140e-56	2.0603965331e-42	3.0772643683e-30	1.3055358439e-107	1.0458262215e-78	1.2304493503e-56	5.6352577339e-52	6.0589082056e-66	3.8796802108e-62	2.0702689666e-42	6.0051497159e-76	1.5947833461e-80	5.5273732540e-55	3.7371068925e-81	1.3723197392e-69	2.3619002285e-38	2.2616017884e-43
2.2169529245e+02	9.2000000000e+02	4.5505203554e+21	1.7453613769e+21	3.7713081044e+00	2.4328110472e-30	3.9519934610e-38	1.3424675123e-11	8.1085119610e-02	2.8498716760e-28	1.5855917918e-34	4.2205318848e-22	2.6883589590e-32	7.5415570384e-12	1.9714725150e-22	7.0692568279e-25	2.2235529512e-22	1.1903729335e-18	3.6294190310e-11	1.1326324965e-01	5.4660553292e-45	1.8394945904e-26	4.1229477804e-35	6.8013852182e-40	8.4153686451e-34	4.1586808658e-15	4.1961068469e-24	1.1583649817e-37	3.0881616442e-28	1.5403181746e-45	6.7606287820e-39	1.2692961975e-58	1.0445122555e-28	5.0776887099e-46	8.2163255169e-52	1.7489933408e-34	2.5377906503e-38	1.9668562957e-33	3.1100112360e-37	1.7071723228e-38	1.1207946889e-45	5.1194507892e-48	2.7199734977e-57	1.4956453151e-83	8.2746545781e-60	8.8947825127e-23	5.2706869111e-32	2.3803877440e-46	3.1710385587e-46	4.6855381203e-68	7.5966780167e-24	2.1857941767e-45	8.7696781174e-19	8.0529383218e-01	5.3498697948e-15	1.0967204371e-21	3.8787373220e-10	1.1468984391e-39	2.1575869134e-15	3.5168135238e-04	1.2386576188e-09	1.0987085949e-18	2.7715391752e-06	1.4920856695e-29	1.0003113427e-50	4.7904304547e-78	9.4983116839e-22	2.4755001425e-23	4.4055736906e-06	3.9167655443e-35	2.9520471130e-82	4.2342594477e-104	1.0278777450e-127	3.0600565790e-34	1.5015567663e-14	4.4696059907e-44	8.3365486203e-28	2.7443335347e-76	3.3710785566e-29	4.3079424580e-32	1.6842158623e-71	4.8018510483e-60	1.1459241304e-62	2.7556319345e-52	6.7007641367e-42	1.1455296386e-74	2.0914311879e-34	7.1676486829e-49	2.3744456717e-52	6.7843392046e-58	2.8665319914e-36	1.2818918438e-67	6.2557953530e-43	2.6121671989e-34	3.3504349966e-56	2.6062287870e-42	2.4327618215e-30	1.0321126425e-107	4.2326496091e-79	7.9680762326e-57	1.8031660697e-52	2.4525756672e-66	1.2860517312e-62	1.0980603976e-42	1.5738215936e-76	6.2303711281e-81	3.4551584307e-55	1.1542952201e-81	6.7822475147e-70	1.8670945828e-38	2.8606047630e-43
3.5469540162e+02	9.2000000000e+02	7.2805837759e+21	2.7924438436e+21	3.7715340910e+00	1.9234372483e-30	1.5440301610e-38	1.0613300750e-11	8.1086249620e-02	1.4293794025e-28	7.8354081966e-35	4.2201651763e-22	1.3285337522e-32	2.9906642356e-12	6.1811130749e-23	2.7620301832e-25	1.3898840950e-22	5.8827917813e-19	2.8695513090e-11	1.1326915840e-01	3.4169240723e-45	5.7671251865e-27	1.0219697065e-35	1.7111163394e-40	2.1171679487e-34	1.2845898348e-15	1.0247660988e-24	7.2401294806e-38	3.0878933237e-28	3.7617389266e-46	1.6511840978e-39	1.9378048368e-59	5.1623110570e-29	1.5686835829e-46	5.1365218262e-52	3.4275805428e-35	3.9321006913e-39	7.6844394431e-34	1.9438505471e-37	3.2962860858e-39	1.7109720887e-46	3.9788004722e-49	2.5954949142e-58	2.2836842853e-84	4.9356463313e-61	5.6429125705e-23	2.6436534964e-32	9.4396163241e-47	1.2575004815e-46	1.4690461429e-68	4.7483172779e-24	1.0801761905e-45	1.1091535935e-18	8.0527985093e-01	4.2929613016e-15	7.0620534347e-22	3.0665648512e-10	7.1689585721e-40	3.4516131108e-15	3.5695122401e-04	2.5064027729e-09	1.1319027927e-18	7.0935948329e-06	5.9167783235e-30	3.1361444436e-51	1.1874210072e-78	7.6213162294e-22	3.1776632538e-23	1.7731520804e-06	1.2463511429e-35	5.8718475845e-83	6.6588353984e-105	1.2780022017e-128	9.8831246734e-35	1.1870618392e-14	1.7462595841e-44	5.2105935852e-28	8.4770701953e-77	5.3925289807e-29	1.1024397382e-31	5.2019788936e-72	2.3731051200e-60	4.4768492505e-63	1.7225636346e-52	2.0697136395e-42	2.8392161990e-75	8.2941746022e-35	2.2142346965e-49	7.3351530242e-53	4.2401918837e-58	2.8666337472e-36	6.3343005444e-68	4.9461498983e-43	2.6118021749e-34	2.6486521544e-56	3.2966567244e-42	1.9232618617e-30	8.1595164131e-108	1.6782853461e-79	5.0552708001e-57	5.6527338253e-53	9.7263973718e-67	4.0919773825e-63	5.5903432482e-43	3.9591286169e-77	2.4339711442e-81	2.1597671610e-55	3.5652314565e-82	3.3518295633e-70	1.4759099242e-38	3.6181690232e-43
5.6752090116e+02	9.2000000000e+02	1.1649387096e+22	4.4679751678e+21	3.7720696438e+00	1.5206763485e-30	6.0323471039e-39	8.3903444973e-12	8.1088222078e-02	7.1054601050e-29	3.8718074135e-35	4.2193572745e-22	6.5653632553e-33	1.1755059002e-12	1.9208889915e-23	1.0791778205e-25	8.6880113024e-23	2.9073926764e-19	2.2688793944e-11	1.1328299289e-01	2.1362162539e-45	1.7920945148e-27	2.5108338639e-36	4.2291399653e-41	5.2327240287e-35	3.9680163006e-16	2.5027192798e-25	4.5250150764e-38	3.0873021823e-28	9.1870491700e-47	4.0332113584e-40	2.9588460269e-60	2.5517168376e-29	4.8470835667e-47	3.2117898350e-52	6.6580345843e-36	6.0389499664e-40	3.0022215362e-34	1.2148889126e-37	6.3648871768e-40	2.6120841296e-47	3.0382030552e-50	2.4769729502e-59	3.4880651089e-85	2.9444349226e-62	3.5481635620e-23	1.3142659752e-32	3.7103211227e-47	4.9427121169e-47	4.5653178152e-69	2.9678877767e-24	5.3380270234e-46	1.4026979629e-18	8.0525193798e-01	3.4143882876e-15	4.4674317049e-22	2.4244627873e-10	4.4812364806e-40	5.5214127012e-15	3.5910415835e-04	5.0714784760e-09	1.1456377159e-18	1.8155396068e-05	2.3254575025e-30	9.7453533139e-52	2.9173241208e-79	6.0606307055e-22	4.0423960935e-23	7.0107044678e-07	3.8961396359e-36	1.1474287233e-83	1.0287921595e-105	1.5611311563e-129	3.1079994723e-35	9.3835812382e-15	6.8224340500e-45	3.2565736004e-28	2.6185130697e-77	8.6248687151e-29	2.8207072744e-31	1.6066232871e-72	1.1728233168e-60	1.7489345877e-63	1.0768284323e-52	6.3927803213e-43	6.9745296405e-76	3.2603166144e-35	6.8406301950e-50	2.2661134044e-53	2.6499016794e-58	2.8667287554e-36	3.1298342487e-68	3.9107503288e-43	2.6111251216e-34	2.0937498861e-56	4.1700738375e-42	1.5204506943e-30	6.4504485102e-108	6.5951612226e-80	3.1788803537e-57	1.7562913931e-53	3.8233020728e-67	1.2789802170e-63	2.7960132190e-43	9.7838240971e-78	9.5078533365e-82	1.3500321957e-55	1.1011163250e-82	1.6565232752e-70	1.1665185051e-38	4.5760501385e-43
9.0819225470e+02	9.2000000000e+02	1.8643353178e+22	7.1500105692e+21	3.7734224045e+00	1.2021955820e-30	2.3566857837e-39	6.6322888057e-12	8.1092891008e-02	3.5189046077e-29	1.9130373973e-35	4.2173444742e-22	3.2445441553e-33	4.6039538712e-13	5.9485903736e-24	4.2169027527e-26	5.4311884949e-23	1.4370895673e-19	1.7941778019e-11	1.1331785688e-01	1.3359498180e-45	5.5486520446e-28	6.1468158712e-37	1.0377431151e-41	1.2840018014e-35	1.2257289750e-16	6.1127803440e-26	2.8276398754e-38	3.0858294171e-28	2.2438958312e-47	9.8548056551e-41	4.5199199189e-61	1.2617783034e-29	1.4984504113e-47	2.0093818761e-52	1.2887952278e-36	9.2428296745e-41	1.1728921914e-34	7.5917279289e-38	1.2292012883e-40	3.9886424175e-48	2.3040018757e-51	2.3646697672e-60	5.3325362999e-86	1.7573670814e-63	2.2227902845e-23	6.5100416782e-33	1.4531741009e-47	1.9358489465e-47	1.4137831872e-69	1.8549694344e-24	2.6380055004e-46	1.7735217175e-18	8.0518371969e-01	2.7057479373e-15	2.8057151143e-22	1.9168334303e-10	2.8013821770e-40	8.8308422009e-15	3.5997673370e-04	1.0260442025e-08	1.1513095098e-18	4.6464020002e-05	9.1060355566e-31	3.0173394397e-52	7.1419517098e-80	4.8008906964e-22	5.1219056022e-23	2.7516181803e-07	1.2091123847e-36	2.2262255638e-84	1.5782534232e-106	1.8936256664e-130	9.6675998915e-36	7.4159542031e-15	2.6653528153e-45	2.0350025832e-28	8.0886445464e-78	1.3789038241e-28	7.2132039105e-31	4.9612960968e-73	5.7967186226e-61	6.8317855591e-64	6.7324899242e-53	1.9744952173e-43	1.7068966871e-76	1.2770874205e-35	2.1137666104e-50	7.0023297754e-54	1.6556903887e-58	2.8668469538e-36	1.5462380346e-68	3.0923143981e-43	2.6095508167e-34	1.6548313424e-56	5.2752278269e-42	1.2019502554e-30	5.0989487725e-108	2.5817039294e-80	1.9916991601e-57	5.4360474410e-54	1.4976125204e-67	3.9678575097e-64	1.3883533095e-43	2.3999739221e-78	3.7132818725e-82	8.4389440596e-56	3.4002769467e-83	8.1874219081e-71	9.2161628083e-39	5.7865247971e-43
1.4539576542e+03	9.2000000000e+02	2.9851154555e+22	1.1446709153e+22	3.7768756312e+00	9.5030585263e-31	9.2062221933e-40	5.2411876968e-12	8.1104678377e-02	1.7396179860e-29	9.4498815108e-36	4.2122232099e-22	1.6035175111e-33	1.8008242956e-13	1.8400571376e-24	1.6481262297e-26	3.3959019429e-23	7.1059307319e-20	1.4192731689e-11	1.1340680452e-01	8.3615086035e-46	1.7154877496e-28	1.5028900227e-37	2.5392785863e-42	3.1418548885e-36	3.7866144711e-17	1.4933867553e-26	1.7662416966e-38	3.0820821898e-28	5.4819642225e-48	2.4099931003e-41	6.9127716362e-62	6.2453160119e-30	4.6383922581e-48	1.2588999220e-52	2.4919411627e-37	1.4133043056e-41	4.5818183303e-35	4.7420559224e-38	2.3748346629e-41	6.0941388253e-49	1.7437637880e-52	2.2594954617e-61	8.1719133019e-87	1.0501641688e-64	1.3902251243e-23	3.2199362939e-33	5.6840517955e-48	7.5720215996e-48	4.3732072329e-70	1.1592574847e-24	1.3037541830e-46	2.2410371691e-18	8.0501044657e-01	2.1409879682e-15	1.7570771133e-22	1.5155412917e-10	1.7515906853e-40	1.4117406522e-14	3.6036414225e-04	2.0751959677e-08	1.1540372774e-18	1.1889129933e-04	3.5600213656e-31	9.3287681471e-53	1.7461996898e-80	3.7950235822e-22	6.4739672183e-23	1.0766013625e-07	3.7411945394e-37	4.3079090163e-85	2.4151881226e-107	2.2916338205e-131	2.9936828031e-36	5.8575527398e-15	1.0412007579e-45	1.2711330203e-28	2.4988051286e-78	2.2021786221e-28	1.8420144853e-30	1.5314847510e-73	2.8656571577e-61	2.6680379547e-64	4.2107355876e-53	6.0980464891e-44	4.1700870877e-77	4.9966968051e-36	6.5351081497e-51	2.1649023197e-54	1.0339110347e-58	2.8670352515e-36	7.6358477771e-69	2.4456203186e-43	2.6056499230e-34	1.3073685346e-56	6.6743656030e-42	9.5005314412e-31	4.0297817994e-108	1.0085341082e-80	1.2460411247e-57	1.6793617615e-54	5.8595171918e-68	1.2267627545e-64	6.8743081388e-44	5.8679702631e-79	1.4494344518e-82	5.2753739654e-56	1.0496193316e-83	4.0475216620e-71	7.2737806227e-39	7.3139562840e-43
2.3301299759e+03	9.2000000000e+02	4.7857552697e+22	1.8344633385e+22	3.7857004362e+00	7.5097032965e-31	3.5956028974e-40	4.1390064695e-12	8.1134739701e-02	8.5879328343e-30	4.6650607462e-36	4.1991784399e-22	7.9260855835e-34	7.0423812163e-14	5.6929691084e-25	6.4451770299e-27	2.1243935444e-23	3.5169008957e-20	1.1236747069e-11	1.1363405570e-01	5.2441208682e-46	5.3007952474e-29	3.6740066530e-38	6.2076453489e-43	7.6807330203e-37	1.1700399446e-17	3.6507426763e-27	1.1021018829e-38	3.0725373364e-28	1.3401244297e-48	5.9065372461e-42	1.0604446758e-62	3.0988588818e-30	1.4405671668e-48	7.9156663276e-53	4.8195872866e-38	2.1625545796e-42	1.7894852979e-35	2.9589544687e-38	4.5930548907e-42	9.3248086521e-50	1.3212982100e-53	2.1640022943e-62	1.2600158173e-87	6.2953821427e-66	8.6858967784e-24	1.5916080956e-33	2.2228298282e-48	2.9611474485e-48	1.3530304670e-70	7.2427856087e-25	6.4443744221e-47	2.8274621110e-18	8.0456787825e-01	1.6929281986e-15	1.0992039313e-22	1.1983626812e-10	1.0957524707e-40	2.2542259045e-14	3.6062901341e-04	4.1936908441e-08	1.1563700925e-18	3.0407600519e-04	1.3904221685e-31	2.8825556970e-53	4.2688082166e-81	2.9931643977e-22	8.1577037519e-23	4.2048723276e-08	1.1560257544e-37	8.3318683328e-86	3.6956103026e-108	2.7742127093e-132	9.2505341371e-37	4.6198565406e-15	4.0665371562e-46	7.9316330141e-29	7.7211499521e-79	3.5074124353e-28	4.6871481206e-30	4.7229699532e-74	1.4174320995e-61	1.0413321821e-64	2.6359112566e-53	1.8829871093e-44	1.0174445959e-77	1.9553484850e-36	2.0232496315e-51	6.7024718189e-55	6.4470612963e-59	2.8673927886e-36	3.7669965279e-69	1.9350960160e-43	2.5958287450e-34	1.0317427796e-56	8.4480977325e-42	7.5071556381e-31	3.1831324378e-108	3.9313125876e-81	7.7903126855e-58	5.1790556279e-55	2.2929944543e-68	3.7832993629e-65	3.4002797387e-44	1.4317175832e-79	5.6499129513e-83	3.2981617860e-56	3.2369375943e-84	2.0020144810e-71	5.7256577978e-39	9.2340681793e-43
3.7442377636e+03	9.2000000000e+02	7.6973861798e+22	2.9477612747e+22	3.8082127614e+00	5.9299341277e-31	1.4035713037e-40	3.2628664212e-12	8.1211308106e-02	4.2296141252e-30	2.2993074501e-36	4.1661511919e-22	3.9192952185e-34	2.7559042949e-14	1.7644381682e-25	2.5241030778e-27	1.3306708857e-23	1.7446922328e-20	8.9158499062e-12	1.1421341372e-01	3.3061863528e-46	1.6375673424e-29	8.9892010416e-39	1.5176807217e-43	1.8778296405e-37	3.6173161119e-18	8.9390221272e-28	6.8586473296e-39	3.0483713110e-28	3.2813602579e-49	1.4556624888e-42	1.6393126521e-63	1.5473175483e-30	4.5118764075e-49	5.0229756064e-53	9.3392934295e-39	3.3189007345e-43	6.9853937829e-36	1.8414291346e-38	8.9070407815e-43	1.4321705841e-50	1.0066290155e-54	2.0847720143e-63	1.9732753012e-88	3.8042493966e-67	5.4189261716e-24	7.8642574988e-34	8.6986291740e-49	1.1587897219e-48	4.1934859530e-71	4.5220132939e-25	3.1866178573e-47	3.5534806284e-18	8.0343794818e-01	1.3378997442e-15	6.8747781120e-23	9.4776560174e-11	6.8635395478e-41	3.5887322385e-14	3.6102074417e-04	8.4571978928e-08	1.1605134727e-18	7.7678117870e-04	5.4235270120e-32	8.9050394359e-54	1.0444503479e-81	2.3501557694e-22	1.0211463197e-22	1.6389296166e-08	3.5686011782e-38	1.6133141175e-86	5.6674242037e-109	3.3694756629e-133	2.8534461466e-37	3.6301302001e-15	1.5874041213e-46	4.9360476045e-29	2.3870843259e-79	5.5476812891e-28	1.1819179077e-29	1.4530065721e-74	7.0206186768e-62	4.0581504883e-65	1.6538281039e-53	5.8117807209e-45	2.4771855971e-78	7.6646560628e-37	6.2859167118e-52	2.0823520222e-55	4.0054805382e-59	2.8681426041e-36	1.8535788357e-69	1.5329891684e-43	2.5711228790e-34	8.1199008543e-57	1.0704316533e-41	5.9273993063e-31	2.5110421590e-108	1.5259465541e-81	4.8683003130e-58	1.5921183107e-55	8.9881747323e-69	1.1621651125e-65	1.6816379505e-44	3.4831926949e-80	2.1946796523e-83	2.0626334731e-56	9.9583347862e-85	9.9160871701e-72	4.4769858553e-39	1.1624496104e-42
