#p(bar)         	T(K)            	n_<tot>(cm-3)   	n_g(cm-3)       	m(u)            	e-              	C               	H               	He              	N               	O               	Si              	C1H1            	C1H1N1          	C1H1N1O1        	C1H1O1          	C1H2            	C1H2O1          	C1H3            	C1H4            	C1H4O2          	C1N1            	C1N1O1          	C1N2_cnn        	C1N2_ncn        	C1O1            	C1O2            	C1Si1           	C1Si2           	C2              	C2H2O2          	C2H2O4          	C2H4O1          	C2H4O3          	C2H6O2          	C2N1            	C2N1O1          	C2Si1           	C2Si2           	C2O1            	C3              	C3N2O1          	C4              	C4H6O4          	C5              	H1N1            	H1N1O1          	H1N1O2_cis      	H1N1O2_trans    	H1N1O3          	H1O1            	H1O2            	H1Si1           	H2              	H2N1            	H2N2            	H2O1            	H2O2            	H2Si1           	H3N1            	H3Si1           	H4N2            	H4Si1           	N1O1            	N1O2            	N1O3            	N1Si1           	N1Si2           	N2              	N2O1            	N2O3            	N2O4            	N2O5            	N3              	O1Si1           	O2              	O2Si1           	O3              	Si2             	Si3             	C1+             	C1-             	C1H1+           	C1H1-           	C1H1O1+         	C1N1+           	C1N1-           	C1O2-           	C2-             	H1+             	H1-             	H1O1+           	H1O1-           	H1Si1+          	H2+             	H2-             	H3O1+           	He1+            	N1+             	N1-             	N1O1+           	N1O2-           	N2+             	N2-             	N2O1+           	O1+             	O1-             	O2+             	O2-             	Si1+            	Si1-            
1.8650055793e-06	9.2000000000e+02	2.7504351233e+13	1.4682804807e+13	3.2110538518e+00	3.9195253845e-27	1.4421481312e-27	1.4797177265e-07	1.4181008737e-01	8.5896955066e-23	3.9456321871e-24	1.1448425849e-18	9.0966119157e-26	6.4703765904e-08	3.5408549631e-16	5.0074318018e-16	6.9765167684e-20	7.8184935576e-14	1.0559103200e-12	3.0554676946e-07	6.4619031972e-46	1.7020342581e-18	7.9859482094e-25	1.5956707473e-34	1.9743268679e-28	3.1768603282e-02	6.7102382202e-09	9.6458683073e-32	5.8681091997e-27	1.7255256214e-32	2.8536014729e-29	2.3478316639e-44	1.8107913435e-29	3.8576132815e-42	2.5637689985e-58	4.9679275817e-24	1.5090087793e-25	5.0278910330e-25	1.8141677352e-33	4.0034757908e-23	3.8543784553e-30	2.3694786094e-35	2.8715096595e-39	1.9273573846e-80	2.6817161089e-39	2.4859165950e-21	3.0836658553e-28	2.9153900778e-40	3.8837430472e-40	1.2013161465e-59	1.7528618309e-17	1.0558010813e-36	2.2057739293e-19	8.2305379326e-01	1.3864148079e-17	7.2064609981e-27	8.2987578034e-08	5.1368461133e-35	5.0320436698e-20	8.4508048500e-11	2.6787126984e-18	6.2073486329e-32	5.5576940579e-19	9.4144530974e-22	1.3212512255e-40	1.3245660590e-65	6.5328266572e-21	3.8852585765e-27	3.3669065448e-03	6.2662113733e-30	2.0696575640e-72	6.2144335553e-92	3.1580166811e-113	5.9297198607e-34	8.5264690173e-09	2.3283235036e-31	9.9097482868e-20	2.9926770095e-61	2.0866505165e-30	6.0848936471e-38	4.5346381892e-56	2.3749315929e-54	2.8608791240e-51	1.2637535415e-50	3.5020056961e-28	7.8203708124e-62	2.6227816019e-31	1.5535201010e-38	3.6051386842e-44	5.5173924894e-49	4.2823351268e-37	2.1823609543e-56	1.9563892346e-41	4.8476309706e-30	2.5265405802e-51	3.6102323363e-47	3.5610026944e-27	1.3318162035e-102	9.4127389743e-69	3.2550278645e-56	8.3943736608e-40	4.3905749101e-61	7.2516738640e-55	1.1373747613e-44	1.8577368604e-66	1.1439060576e-65	1.1653112554e-49	4.4365176406e-64	4.7884668281e-62	3.7367680635e-30	1.0516838717e-44
2.9837466215e-06	9.2000000000e+02	4.4003105842e+13	2.3490422616e+13	3.2110560557e+00	4.3293910521e-27	9.0142182029e-28	1.1698708702e-07	1.4181012580e-01	6.7910499323e-23	3.9456261070e-24	2.7957716672e-19	7.1918184844e-26	6.4703767436e-08	5.6648613390e-16	6.3336670490e-16	6.9765152606e-20	1.2508468075e-13	1.3355735087e-12	4.8883164595e-07	2.6460883228e-45	1.3456355495e-18	1.0101056023e-24	1.5956711678e-34	1.9743273881e-28	3.1768554328e-02	1.0735404299e-08	2.3555767120e-32	5.5987598497e-28	1.0785483217e-32	7.3039114269e-29	1.5381241966e-43	4.6348017525e-29	2.5272238557e-41	1.6795946832e-57	3.9276647515e-24	1.9086753155e-25	1.2278400088e-25	1.7308964661e-34	4.0034696215e-23	2.4091983120e-30	3.7908276748e-35	1.7948513112e-39	3.2318420179e-79	1.6762199139e-39	2.4859166538e-21	4.9334241780e-28	7.4620637155e-40	9.9406039326e-40	4.9192708111e-59	2.2171132148e-17	2.1365025937e-36	6.8133041833e-20	8.2305361538e-01	1.7536142022e-17	1.1529324584e-26	1.3276821971e-07	1.3147970865e-34	1.9659933126e-20	1.3520096587e-10	1.3237458963e-18	1.5888016220e-31	3.4738733563e-19	1.1907905694e-21	2.6736640047e-40	4.2882113714e-65	2.0178924628e-21	4.6887226074e-28	3.3669074319e-03	1.0025044073e-29	8.4750450701e-72	4.0712353235e-91	3.3099406944e-112	7.5002415518e-34	3.3312427235e-09	3.7249786565e-31	6.1941371666e-20	7.6598708878e-61	1.9908721420e-31	2.2682158091e-39	1.6039310603e-56	2.6232787337e-54	1.2799217542e-51	1.7656172976e-50	2.5065818796e-28	3.4987375193e-62	3.6643455568e-31	4.3921026537e-38	3.9821288625e-44	2.4684128087e-49	5.9829426591e-37	1.5620381283e-56	4.3729105053e-41	8.4732728621e-31	1.4297201748e-51	6.3798460141e-47	4.0777355832e-27	7.5364925377e-103	4.2111434098e-69	4.5476706424e-56	6.0083254511e-40	1.5700661701e-60	4.1035831676e-55	2.0099203159e-44	1.6818618120e-66	6.4731333219e-66	2.0592847845e-49	4.0164978653e-64	1.3537924517e-61	5.1638893489e-31	4.5385411368e-45
4.7735766428e-06	9.2000000000e+02	7.0398833525e+13	3.7581385739e+13	3.2110596854e+00	4.8152216668e-27	5.6343796530e-28	9.2490443287e-08	1.4181018203e-01	5.3690324325e-23	3.9456159941e-24	6.8274424318e-20	5.6858794985e-26	6.4703766994e-08	9.0629613398e-16	8.0111526963e-16	6.9765124832e-20	2.0011737524e-13	1.6893067470e-12	7.8206153721e-07	1.0835467228e-44	1.0638650841e-18	1.2776347924e-24	1.5956717812e-34	1.9743281471e-28	3.1768472903e-02	1.7175055063e-08	5.7524598963e-33	5.3417861058e-29	6.7415172143e-33	1.8694636192e-28	1.0076613873e-42	1.1862975207e-28	1.6556474538e-40	1.1003467994e-56	3.1052281525e-24	2.4141931150e-25	2.9984590924e-26	1.6514512037e-35	4.0034593604e-23	1.5058807812e-30	6.0647800625e-35	1.1218802874e-39	5.4192215866e-78	1.0477291723e-39	2.4859166368e-21	7.8927673464e-28	1.9099440399e-39	2.5443359851e-39	2.0143886602e-58	2.8043205257e-17	4.3233863899e-36	2.1045295085e-20	8.2305328772e-01	2.2180684502e-17	1.8445304099e-26	2.1240992489e-07	3.3652726273e-34	7.6810425413e-21	2.1630251938e-10	6.5415950233e-19	4.0666183390e-31	2.1713703469e-19	1.5061746599e-21	5.4103782161e-40	1.3882824296e-64	6.2329756314e-22	5.6583558680e-29	3.3669087262e-03	1.6038631306e-29	3.4704414576e-71	2.6671642338e-90	3.4691622473e-111	9.4867286956e-34	1.3014979001e-09	5.9594135211e-31	3.8716746848e-20	1.9605685383e-60	1.8994944295e-32	8.4550724794e-41	5.6342006478e-57	2.9176548029e-54	5.6868389009e-52	2.4838589926e-50	1.7817642759e-28	1.5545297475e-62	5.1549796419e-31	1.2503270996e-37	4.4289908091e-44	1.0967440734e-49	8.4167650295e-37	1.1103502172e-56	9.8419645939e-41	1.4708791917e-31	8.0348809033e-52	1.1352237085e-46	4.6373427803e-27	4.2354349579e-103	1.8710599653e-69	6.3976361443e-56	4.2709252479e-40	5.6534060776e-60	2.3061735024e-55	3.5764358187e-44	1.5121674806e-66	3.6378267319e-66	3.6642637511e-49	3.6112357819e-64	3.8539249264e-61	7.0869904315e-32	1.9721686577e-45
7.6370577657e-06	9.2000000000e+02	1.1262839824e+14	6.0124982855e+13	3.2110656046e+00	5.3775883935e-27	3.5217938548e-28	7.3123274107e-08	1.4181026977e-01	4.2447788595e-23	3.9455999934e-24	1.6673049600e-20	4.4952765965e-26	6.4703764889e-08	1.4499416584e-15	1.0132910157e-15	6.9765078472e-20	3.2015841697e-13	2.1367276579e-12	1.2511878713e-06	4.4370065569e-44	8.4109605877e-19	1.6160179736e-24	1.5956727377e-34	1.9743293306e-28	3.1768344071e-02	2.7477473101e-08	1.4047873728e-33	5.0966247668e-30	4.2138150710e-33	4.7849517010e-28	6.6013990534e-42	3.0363765996e-28	1.0846527149e-39	7.2086493265e-56	2.4550059962e-24	3.0535951971e-25	7.3224282253e-27	1.5756578304e-36	4.0034431251e-23	9.4125742456e-31	9.7027698670e-35	7.0123622215e-40	9.0870319074e-77	6.5488774060e-40	2.4859165559e-21	1.2627276832e-27	4.8885657174e-39	6.5123131413e-39	8.2486807886e-58	3.5470461014e-17	8.7487024869e-36	6.5005927378e-21	8.2305274078e-01	2.8055361813e-17	2.9509915581e-26	3.3982469149e-07	8.6135225191e-34	3.0009520265e-21	3.4605366322e-10	3.2326856864e-19	1.0408722960e-30	1.3572338173e-19	1.9050869124e-21	1.0948320368e-39	4.4944661412e-64	1.9252788601e-22	6.8285366085e-30	3.3669107445e-03	2.5659487556e-29	1.4211051937e-70	1.7473168989e-89	3.6360257027e-110	1.1999356574e-33	5.0848820275e-10	9.5341542792e-31	2.4200073393e-20	5.0181206290e-60	1.8123171093e-33	3.1517566075e-42	1.9710456576e-57	3.2584058824e-54	2.5163801134e-52	3.5086427806e-50	1.2613510715e-28	6.8786724621e-63	7.2818117250e-31	3.5740098619e-37	4.9462498755e-44	4.8530036177e-50	1.1889331055e-36	7.8604193340e-57	2.2242030386e-40	2.5428544002e-32	4.4970291863e-52	2.0283113130e-46	5.2521463542e-27	2.3705266193e-103	8.2792939017e-70	9.0371611770e-56	3.0234861117e-40	2.0440122857e-59	1.2907400598e-55	6.3900483633e-44	1.3540263627e-66	2.0360423152e-66	6.5469408041e-49	3.2335609335e-64	1.1016289816e-60	9.6864667624e-33	8.6050717689e-46
1.2218238123e-05	9.2000000000e+02	1.8019006530e+14	9.6191672263e+13	3.2110751017e+00	6.0211507870e-27	2.2013110923e-28	5.7811486828e-08	1.4181040869e-01	3.3559387132e-23	3.9455744328e-24	4.0716753339e-21	3.5539795902e-26	6.4703760550e-08	2.3196913047e-15	1.2816587241e-15	6.9765002923e-20	5.1220539613e-13	2.7026494628e-12	2.0017235312e-06	1.8169000254e-43	6.6497382281e-19	2.0440185555e-24	1.5956742517e-34	1.9743312038e-28	3.1768138269e-02	4.3959594106e-08	3.4305890240e-34	4.8627435617e-31	2.6338616736e-33	1.2247190688e-27	4.3246832054e-41	7.7717156153e-28	7.1057735649e-39	4.7225536326e-55	1.9409373106e-24	3.8623365247e-25	1.7881881902e-27	1.5033517908e-37	4.0034171898e-23	5.8833665308e-31	1.5523006478e-34	4.3831045705e-40	1.5237174606e-75	4.0934015647e-40	2.4859163893e-21	2.0201767499e-27	1.2512405786e-38	1.6668427785e-38	3.3777193039e-57	4.4864728002e-17	1.7703598426e-35	2.0079462206e-21	8.2305184949e-01	3.5485984973e-17	4.7211784729e-26	5.4366848252e-07	2.2046503158e-33	1.1724631199e-21	5.5363745150e-10	1.5975138710e-19	2.6641700367e-30	8.4835348674e-20	2.4096470847e-21	2.2154698301e-39	1.4550440857e-63	5.9469351392e-23	8.2407703188e-31	3.3669139391e-03	4.1051410784e-29	5.8192327290e-70	1.1446978646e-88	3.8108849346e-109	1.5177485681e-33	1.9866377162e-10	1.5253133020e-30	1.5126350999e-20	1.2843922466e-59	1.7291509104e-34	1.1748758788e-43	6.8776444447e-58	3.6483553050e-54	1.1106067269e-52	4.9690357288e-50	8.9063494604e-29	3.0359116370e-63	1.0312711111e-30	1.0242526207e-36	5.5381918718e-44	2.1418777055e-50	1.6837995344e-36	5.5502106490e-57	5.0394958356e-40	4.3847633339e-33	2.5104454043e-52	3.6333613959e-46	5.9331128610e-27	1.3233380716e-103	3.6540778530e-70	1.2798687470e-55	2.1348736179e-40	7.4092849908e-59	7.2055103499e-56	1.1446666034e-43	1.2092964366e-66	1.1366049193e-66	1.1727624594e-48	2.8879088175e-64	3.1570880187e-60	1.3205323249e-33	3.7643244682e-46
1.9547518066e-05	9.2000000000e+02	2.8828002996e+14	1.5389358371e+14	3.2110902941e+00	6.7527387763e-27	1.3759364753e-28	4.5705897398e-08	1.4181062991e-01	2.6532173583e-23	3.9455335350e-24	9.9433569372e-22	2.8097846193e-26	6.4703752895e-08	3.7111514648e-15	1.6210971270e-15	6.9764881023e-20	8.1944899556e-13	3.4184568449e-12	3.2024740193e-06	7.4399432825e-43	5.2573072404e-19	2.5853668712e-24	1.5956766622e-34	1.9743341864e-28	3.1767808976e-02	7.0327909580e-08	8.3777728756e-35	4.6396389197e-32	1.6463035871e-33	3.1346769769e-27	2.8331377265e-40	1.9891931618e-27	4.6550944211e-38	3.0938394436e-54	1.5345121005e-24	4.8852574598e-25	4.3668986322e-28	1.4343774024e-38	4.0033756924e-23	3.6774168973e-31	2.4834477740e-34	2.7396734039e-40	2.5549499129e-74	2.5585936220e-40	2.4859160951e-21	3.2319739654e-27	3.2025641828e-38	4.2663026375e-38	1.3831176209e-56	5.6746839308e-17	3.5824218447e-35	6.2023048009e-22	8.2305041138e-01	4.4884661332e-17	7.5532412062e-26	8.6978504188e-07	5.6428178209e-33	4.5808002960e-22	8.8574291862e-10	7.8945602846e-20	6.8191014958e-30	5.3027517573e-20	3.0478303278e-21	4.4831340237e-39	4.7105386406e-63	1.8369398579e-23	9.9451759822e-32	3.3669190254e-03	6.5676088507e-29	2.3828790124e-69	7.4990400858e-88	3.9941022155e-108	1.9197396510e-33	7.7617044450e-11	2.4402430951e-30	9.4547736348e-21	3.2873825591e-59	1.6498167670e-35	4.3796331023e-45	2.3959248792e-58	4.0916414833e-54	4.8936726663e-53	7.0487759361e-50	6.2784564328e-29	1.3377176310e-63	1.4629017037e-30	2.9401169336e-36	6.2110988955e-44	9.4377677786e-51	2.3885369893e-36	3.9125744961e-57	1.1436870758e-39	7.5485528665e-34	1.3991572831e-52	6.5191552465e-46	6.6914161844e-27	7.3754411125e-104	1.6101010021e-70	1.8155479682e-55	1.5049637220e-40	2.6901448593e-58	4.0158910102e-56	2.0538236612e-43	1.0782723805e-66	6.3346342555e-67	2.1042097983e-48	2.5749809886e-64	9.0624204981e-60	1.7973201384e-34	1.6494168385e-46
3.1273429248e-05	9.2000000000e+02	4.6121085772e+14	2.4620926737e+14	3.2111145901e+00	7.5809871932e-27	8.6003178273e-29	3.6135135666e-08	1.4181098308e-01	2.0976422038e-23	3.9454680887e-24	2.4282633741e-22	2.2214189895e-26	6.4703740111e-08	5.9372491327e-15	2.0504215803e-15	6.9764685214e-20	1.3109839871e-12	4.3238459709e-12	5.1235037680e-06	3.0465227608e-42	4.1564440663e-19	3.2700729455e-24	1.5956805103e-34	1.9743389476e-28	3.1767282029e-02	1.1251156964e-07	2.0459326925e-35	4.4268375498e-33	1.0290252743e-33	8.0231503876e-27	1.8559795361e-39	5.0913749466e-27	3.0495796120e-37	2.0268202659e-53	1.2131902176e-24	6.1790643443e-25	1.0664386358e-28	1.3685883440e-39	4.0033092866e-23	2.2985766181e-31	3.9731298367e-34	1.7124382150e-40	4.2840370123e-73	1.5992539435e-40	2.4859156040e-21	5.1706417279e-27	8.1969278794e-38	1.0919554780e-37	5.6635542486e-56	7.1775430353e-17	7.2491574262e-35	1.9158310018e-22	8.2304810133e-01	5.6772654218e-17	1.2084176636e-25	1.3915134051e-06	1.4442692603e-32	1.7897269683e-22	1.4170666160e-09	3.9013480877e-20	1.7453942035e-29	3.3145867032e-20	3.8550147788e-21	9.0718040764e-39	1.5249625882e-62	5.6741415058e-24	1.2002296182e-32	3.3669271448e-03	1.0507151772e-28	9.7573767855e-69	4.9126230036e-87	4.1860423344e-107	2.4282077862e-33	3.0324701873e-11	3.9039349041e-30	5.9097247371e-21	8.4138816779e-59	1.5741463809e-36	1.6326525625e-46	8.3379563779e-59	4.5934964630e-54	2.1540841725e-53	1.0009234189e-49	4.4213746515e-29	5.8883462196e-64	2.0773201027e-30	8.4481919761e-36	6.9729131753e-44	4.1542922018e-51	3.3917131587e-36	2.7552883236e-57	2.5981907798e-39	1.2981895137e-34	7.7899670850e-53	1.1708999848e-45	7.5388506244e-27	4.1063823588e-104	7.0873194233e-71	2.5780777220e-55	1.0598187444e-40	9.7772631094e-58	2.2359045984e-56	3.6888746344e-43	9.6045387107e-67	3.5268309650e-67	3.7793014192e-48	2.2935795406e-64	2.6040143935e-59	2.4437597324e-35	7.2347391898e-47
5.0033483236e-05	9.2000000000e+02	7.3788126603e+14	3.9390330858e+14	3.2111534496e+00	8.5162586690e-27	5.3756287528e-29	2.8568411723e-08	1.4181154752e-01	1.6584013123e-23	3.9453633702e-24	5.9301153998e-23	1.7562522218e-26	6.4703719242e-08	9.4985833612e-15	2.5934225131e-15	6.9764371338e-20	2.0973414455e-12	5.4690248931e-12	8.1968763712e-06	1.2474787713e-41	3.2860953511e-19	4.1360841584e-24	1.5956866601e-34	1.9743465567e-28	3.1766438880e-02	1.7999455292e-07	4.9964172321e-36	4.2238990369e-34	6.4319225906e-34	2.0534795898e-26	1.2158109570e-38	1.3031371084e-26	1.9977558823e-36	1.3277834579e-52	9.5915130106e-25	7.8154617876e-25	2.6043732506e-29	1.3058484579e-40	4.0032030330e-23	1.4367253405e-31	6.3563548935e-34	1.0703595252e-40	7.1831120598e-72	9.9961369498e-41	2.4859148022e-21	8.2721426011e-27	2.0979657100e-37	2.7948094499e-37	2.3190496260e-55	9.0783290008e-17	1.4668690643e-34	5.9178805052e-23	8.2304439838e-01	7.1809300804e-17	1.9333123155e-25	2.2261742060e-06	3.6965248124e-32	6.9925795636e-23	2.2671142445e-09	1.9279997561e-20	4.4674711945e-29	2.0718737929e-20	4.8759357429e-21	1.8356897985e-38	4.9367203606e-62	1.7527136586e-24	1.4485308089e-33	3.3669401210e-03	1.6809716352e-28	3.9953595389e-68	3.2181770602e-86	4.3870624767e-106	3.0713617718e-33	1.1847796914e-11	6.2454645323e-30	3.6938735120e-21	2.1534375672e-58	1.5019831443e-37	6.0864814990e-48	2.8997868225e-59	5.1601992032e-54	9.4756882155e-54	1.4222160361e-49	3.1115667044e-29	2.5902593144e-64	2.9516846600e-30	2.4290377651e-35	7.8331661516e-44	1.8274484425e-51	4.8192986128e-36	1.9390492968e-57	5.9062178749e-39	2.2312014204e-35	4.3343637431e-53	2.1043896655e-45	8.4880946902e-27	2.2848242536e-104	3.1176827016e-71	3.6632161093e-55	7.4585637967e-41	3.5557502436e-57	1.2440751893e-56	6.6298527649e-43	8.5495563099e-67	1.9622972911e-67	6.7921664068e-48	2.0415859626e-64	7.4871041289e-59	3.3206075108e-36	3.1754007927e-47
8.0047566073e-05	9.2000000000e+02	1.1805289479e+15	6.3019800103e+14	3.2112156100e+00	9.5706540099e-27	3.3600201015e-29	2.2586078613e-08	1.4181245007e-01	1.3111345890e-23	3.9451958324e-24	1.4482310415e-23	1.3884863859e-26	6.4703685525e-08	1.5195939728e-14	3.2801746343e-15	6.9763868703e-20	3.3553278387e-12	6.9174957812e-12	1.3113829097e-05	5.1080154089e-41	2.5979919610e-19	5.2313762805e-24	1.5956964936e-34	1.9743587238e-28	3.1765089934e-02	2.8794521776e-07	1.2202066982e-36	4.0304202827e-35	4.0202532931e-34	5.2556345847e-26	7.9641370413e-38	3.3353406517e-26	1.3086707724e-35	8.6982232909e-52	7.5830647113e-25	9.8851038448e-25	6.3603048691e-30	1.2460331237e-41	4.0030330390e-23	8.9802072397e-32	1.0169035504e-33	6.6902490589e-41	1.2043531153e-70	6.2480544385e-41	2.4859135068e-21	1.3233866105e-26	5.3695273591e-37	7.1530272077e-37	9.4954743807e-55	1.1482318967e-16	2.9681373161e-34	1.8280287870e-23	8.2303846855e-01	9.0828596529e-17	3.0930643645e-25	3.5614345499e-06	9.4608116603e-32	2.7320987171e-23	3.6270825752e-09	9.5281388471e-21	1.1434915628e-28	1.2951096263e-20	6.1671507673e-21	3.7144527355e-38	1.5980965710e-61	5.4141553471e-25	1.7482743189e-34	3.3669608702e-03	2.6892551668e-28	1.6359325512e-67	2.1080864250e-85	4.5974947952e-105	3.8848896331e-33	4.6289368769e-12	9.9911448188e-30	2.3088441973e-21	5.5112706984e-58	1.4331837187e-38	2.2691604889e-49	1.0080881612e-59	5.7990818639e-54	4.1666338404e-54	2.0216244213e-49	2.1888834627e-29	1.1389921243e-64	4.1957322405e-30	6.9865848767e-35	8.8029880201e-44	8.0356258553e-52	6.8504443220e-36	1.3640565484e-57	1.3431153663e-38	3.8333233259e-36	2.4106938558e-53	3.7835823964e-45	9.5529609801e-27	1.2707947133e-104	1.3709114078e-71	5.2071531021e-55	5.2468860925e-41	1.2936206972e-56	6.9194112054e-57	1.1920287360e-42	7.6073787430e-67	1.0913553882e-67	1.2211528851e-47	1.8165109231e-64	2.1534983617e-58	4.5103691515e-37	1.3942909898e-47
1.2806751397e-04	9.2000000000e+02	1.8887388331e+15	1.0082491606e+15	3.2113150513e+00	1.0758070928e-26	2.1001534484e-29	1.7856358940e-08	1.4181389366e-01	1.0365827826e-23	3.9449278150e-24	3.5369125184e-24	1.0977253606e-26	6.4703631314e-08	2.4310200540e-14	4.1486842326e-15	6.9763064183e-20	5.3677378157e-12	8.7495721021e-12	2.0980235110e-05	2.0914896311e-40	2.0539720016e-19	6.6165868625e-24	1.5957122216e-34	1.9743781841e-28	3.1762931968e-02	4.6061885160e-07	2.9800247489e-37	3.8460428270e-36	2.5128268765e-34	1.3450636603e-25	5.2164985145e-37	8.5365496561e-26	8.5722585844e-35	5.6979667264e-51	5.9951696684e-25	1.2502570017e-24	1.5533323943e-30	1.1890315206e-42	4.0027610924e-23	5.6130060630e-32	1.6268420419e-33	4.1816861825e-41	2.0191374454e-69	3.9052960037e-41	2.4859114240e-21	2.1171309224e-26	1.3742266982e-36	1.8306789973e-36	3.8877679163e-54	1.4522554730e-16	6.0056324142e-34	5.6469301597e-24	8.2302897723e-01	1.1488548433e-16	4.9485627030e-25	5.6974602276e-06	2.4212859087e-31	1.0675019895e-23	5.8028710329e-09	4.7089415813e-21	2.9269070056e-28	8.0958914526e-21	7.8001440841e-21	7.5157831121e-38	5.1730153245e-61	1.6724946728e-25	2.1101868998e-35	3.3669940566e-03	4.3022697336e-28	6.6981320237e-67	1.3808231647e-84	4.8176166792e-104	4.9139477028e-33	1.8085439523e-12	1.5982587550e-29	1.4431244327e-21	1.4104085240e-57	1.3676206387e-39	8.4607002167e-51	3.5036767550e-60	6.5185653921e-54	1.8316975895e-54	2.8743270498e-49	1.5394033247e-29	5.0071869040e-65	5.9655173919e-30	2.0099275931e-34	9.8951617516e-44	3.5325485926e-52	9.7398988705e-36	9.5931703152e-58	3.0549940414e-38	6.5844757569e-37	1.3404586385e-53	6.8042744521e-45	1.0748642622e-26	7.0663669382e-105	6.0267402216e-72	7.4035616699e-55	3.6900823694e-41	4.7072795737e-56	3.8475988506e-57	2.1437524829e-42	6.7673248993e-67	6.0681045848e-68	2.1959587094e-47	1.6157948406e-64	6.1952668654e-58	6.1251244850e-38	6.1238355822e-48
2.0489688444e-04	9.2000000000e+02	3.0218670754e+15	1.6131109705e+15	3.2114741412e+00	1.2094294267e-26	1.3126672561e-29	1.4116944659e-08	1.4181620281e-01	8.1951937723e-24	3.9444990975e-24	8.6383260197e-25	8.6784367517e-27	6.4703544351e-08	3.8889927508e-14	5.2469552659e-15	6.9761776775e-20	8.5868219170e-12	1.1066823417e-11	3.3565312682e-05	8.5631670071e-40	1.6238643781e-19	8.3683229071e-24	1.5957373800e-34	1.9744093126e-28	3.1759480112e-02	7.3678993465e-07	7.2782194057e-38	3.6704645743e-37	1.5706021689e-34	3.4421768277e-25	3.4163926352e-36	2.1848010374e-25	5.6146557981e-34	3.7323895795e-50	4.7397639587e-25	1.5812615363e-24	3.7937584176e-31	1.1347502538e-43	4.0023260898e-23	3.5083194863e-32	2.6025639526e-33	2.6136959332e-41	3.3847866088e-68	2.4409426813e-41	2.4859080829e-21	3.3868526901e-26	3.5168686609e-36	4.6850040116e-36	1.5916489070e-53	1.8367075136e-16	1.2150800867e-33	1.7444634303e-24	8.2301378905e-01	1.4531443455e-16	7.9172486712e-25	9.1142820372e-06	6.1963567185e-31	4.1712126104e-24	9.2839051761e-09	2.3273468762e-21	7.4919089982e-28	5.0611204294e-21	9.8652259501e-21	1.5206449582e-37	1.6743510866e-60	5.1667997173e-26	2.5472962416e-36	3.3670471415e-03	6.8826178785e-28	2.7422565230e-66	9.0436056138e-84	5.0476004249e-103	6.2156848800e-33	7.0661608000e-13	2.5565192558e-29	9.0200179930e-22	3.6090764023e-57	1.3051864816e-40	3.1551126968e-52	1.2175453673e-60	7.3282141916e-54	8.0511714514e-55	4.0872056546e-49	1.0824476385e-29	2.2009315438e-65	8.4829294588e-30	5.7826231713e-34	1.1124206081e-43	1.5527210683e-52	1.3849839997e-35	6.7455386038e-58	6.9494406761e-38	1.1309102818e-37	7.4525157006e-54	1.2238165212e-44	1.2091953312e-26	3.9288075291e-105	2.6490807941e-72	1.0527819678e-54	2.5947646251e-41	1.7130343978e-55	2.1392134960e-57	3.8558842753e-42	6.0190859767e-67	3.3733651495e-68	3.9492940750e-47	1.4369633432e-64	1.7823972292e-57	8.3172104115e-39	2.6901178000e-48
3.2782387097e-04	9.2000000000e+02	4.8349488962e+15	2.5808898173e+15	3.2117286686e+00	1.3597100338e-26	8.2044492455e-30	1.1160449602e-08	1.4181989667e-01	6.4790613678e-24	3.9438134127e-24	2.1099148818e-25	6.8609219862e-27	6.4703404977e-08	6.2210818616e-14	6.6355672955e-15	6.9759716890e-20	1.3735654250e-11	1.3997689459e-11	5.3699503351e-05	3.5056892911e-39	1.2838155205e-19	1.0583297748e-23	1.5957776247e-34	1.9744591075e-28	3.1753959261e-02	1.1784140204e-06	1.7777082507e-38	3.5034582410e-38	9.8165972526e-35	8.8080503576e-25	2.2370403894e-35	5.5914079959e-25	3.6769850425e-33	2.4446594658e-49	3.7472233617e-25	1.9997987461e-24	9.2662714107e-32	1.0831190569e-44	4.0016303528e-23	2.1927742182e-32	4.1633419361e-33	1.6336154900e-41	5.6731221369e-67	1.5256410371e-41	2.4859027282e-21	5.4178264627e-26	8.9994226853e-36	1.1988599930e-35	6.5153161442e-53	2.3227940188e-16	2.4581326650e-33	5.3894371542e-25	8.2298948757e-01	1.8380360226e-16	1.2667112692e-24	1.4579390141e-05	1.5855612521e-30	1.6300092425e-24	1.4853272752e-08	1.1503633978e-21	1.9177334235e-27	3.1642209907e-21	1.2476409520e-20	3.0763810615e-37	5.4186181718e-60	1.5963020002e-26	3.0754838405e-37	3.3671320588e-03	1.1010177719e-27	1.1225564384e-65	5.9220414073e-83	5.2874285434e-102	7.8624523709e-33	2.7608866628e-13	4.0888698295e-29	5.6377028889e-22	9.2337903676e-57	1.2458004272e-41	1.1768777409e-53	4.2306679715e-61	8.2387993434e-54	3.5385803624e-55	5.8121720206e-49	7.6103845705e-30	9.6736063587e-66	1.2063399565e-29	1.6636045493e-33	1.2506471476e-43	6.8243836487e-53	1.9695033556e-35	4.7425982636e-58	1.5808531862e-37	1.9424001564e-38	4.1430396091e-54	2.2012758981e-44	1.3601555037e-26	2.1842436143e-105	1.1643326612e-72	1.4971395901e-54	1.8243558881e-41	6.2337499393e-55	1.1893073206e-57	6.9359496930e-42	5.3530367772e-67	1.8750673084e-68	7.1025608449e-47	1.2777000613e-64	5.1277837953e-57	1.1293850709e-39	1.1818915652e-48
5.2451745122e-04	9.2000000000e+02	7.7362295994e+15	4.1294178634e+15	3.2121359008e+00	1.5286350282e-26	5.1277880356e-30	8.8229079393e-09	1.4182580555e-01	5.1222546980e-24	3.9427169456e-24	5.1540467288e-26	5.4239107940e-27	6.4703181655e-08	9.9509151935e-14	8.3908647880e-15	6.9756421231e-20	2.1969867631e-11	1.7704565039e-11	8.5910965805e-05	1.4349903147e-38	1.0149664756e-19	1.3383469034e-23	1.5958420015e-34	1.9745387611e-28	3.1745130960e-02	1.8844115113e-06	4.3425407694e-39	3.3449000588e-39	6.1353819661e-35	2.2534944181e-24	1.4643595997e-34	1.4308632295e-24	2.4074984650e-32	1.6010053004e-48	2.9625020322e-25	2.5289135040e-24	2.2635413525e-32	1.0340996661e-45	4.0005178114e-23	1.3704858260e-32	6.6597543284e-33	1.0210111262e-41	9.5059110741e-66	9.5352699769e-42	2.4858941481e-21	8.6660701245e-26	2.3025568775e-35	3.0673560055e-35	2.6664277371e-52	2.9372395266e-16	4.9720168369e-33	1.6652377728e-25	8.2295060708e-01	2.3248875122e-16	2.0267211719e-24	2.3319404064e-05	4.0565769791e-30	6.3704825951e-25	2.3763998009e-08	5.6867841791e-22	4.9091178466e-27	1.9785540734e-21	1.5777467896e-20	6.2228082768e-37	1.7532080192e-59	4.9324980041e-27	3.7142240198e-38	3.3672678955e-03	1.7612072188e-27	4.5943230400e-65	3.8768892141e-82	5.5367519859e-101	9.9458977825e-33	1.0787743283e-13	6.5385452323e-29	3.5235692923e-22	2.3618725894e-56	1.1894184648e-42	4.3915753027e-55	1.4699843189e-61	9.2623551741e-54	1.5551856754e-55	8.2650481738e-49	5.3500568313e-30	4.2516804310e-66	1.7155195100e-29	4.7852520680e-33	1.4060226006e-43	2.9992772826e-53	2.8006810630e-35	3.3340194577e-58	3.5958128202e-37	3.3365272265e-39	2.3031471949e-54	3.9594132616e-44	1.5298160234e-26	1.2143455798e-105	5.1173990414e-73	2.1290616813e-54	1.2825679221e-41	2.2681540153e-54	6.6120288422e-58	1.2476717079e-41	4.7603565459e-67	1.0421235952e-68	1.2772357775e-46	1.1358732984e-64	1.4749742071e-56	1.5337288478e-40	5.1932343660e-49
8.3927047643e-04	9.2000000000e+02	1.2379419949e+16	6.6074036041e+15	3.2127874845e+00	1.7184031519e-26	3.2047050222e-30	6.9746807240e-09	1.4183525722e-01	4.0495258807e-24	3.9409641230e-24	1.2592401922e-26	4.2877072190e-27	6.4702823714e-08	1.5915104990e-13	1.0608847159e-14	6.9751148632e-20	3.5135286406e-11	2.2392728876e-11	1.3744373535e-04	5.8725008609e-38	8.0240699715e-20	1.6922346890e-23	1.5959449759e-34	1.9746661714e-28	3.1731017955e-02	3.0125309389e-06	1.0609725058e-39	3.1948141579e-40	3.8344192980e-35	5.7639662596e-24	9.5809914567e-34	3.6611991849e-24	1.5757561967e-31	1.0482770188e-47	2.3420796814e-25	3.1976127760e-24	5.5302995835e-33	9.8769954135e-47	3.9987392921e-23	8.5651021043e-33	1.0652097108e-32	6.3809959796e-42	1.5921163911e-64	5.9592415621e-42	2.4858803960e-21	1.3860173984e-25	5.8898703545e-35	7.8462032276e-35	1.0908726976e-51	3.7136488306e-16	1.0054094107e-32	5.1462522123e-26	8.2288840365e-01	2.9407230807e-16	3.2428824245e-24	3.7293531047e-05	1.0375873421e-29	2.4902430386e-25	3.8021240366e-08	2.8118408481e-22	1.2567527157e-26	1.2374466980e-21	1.9949370684e-20	1.2584246052e-36	5.6705229760e-59	1.5244463915e-27	4.4876146966e-39	3.3674851741e-03	2.8170033604e-27	1.8797331810e-64	2.5369210706e-81	5.7946541479e-100	1.2582212839e-32	4.2154089542e-14	1.0452902505e-28	2.2021191455e-22	6.0389456196e-56	1.1360491746e-43	1.6397778557e-56	5.1074890113e-62	1.0412204373e-53	6.8348907066e-56	1.1752255665e-48	3.7605953776e-30	1.8687033598e-66	2.4395062113e-29	1.3760171417e-32	1.5805693471e-43	1.3181533723e-53	3.9823506403e-35	2.3435074723e-58	8.1775235498e-37	5.7325285860e-40	1.2803408725e-54	7.1213324853e-44	1.7204679787e-26	6.7516198402e-106	2.2492049761e-73	3.0275722109e-54	9.0158984510e-42	8.2504299072e-54	3.6762031662e-58	2.2443552828e-41	4.2330474150e-67	5.7911238588e-69	2.2963665621e-46	1.0095373716e-64	4.2413435359e-56	2.0832699730e-41	2.2822404835e-49
1.3430128353e-03	9.2000000000e+02	1.9811839411e+16	1.0573263444e+16	3.2138301097e+00	1.9314176669e-26	2.0026720818e-30	5.5132661905e-09	1.4185037443e-01	3.2013818477e-24	3.9381633617e-24	3.0774530247e-27	3.3892979738e-27	6.4702249551e-08	2.5449257596e-13	1.3409799541e-14	6.9742713450e-20	5.6177245137e-11	2.8321571341e-11	2.1988627389e-04	2.4023439501e-37	6.3434863013e-20	2.1392589427e-23	1.5961096732e-34	1.9748699518e-28	3.1708467380e-02	4.8138463659e-06	2.5929072686e-40	3.0534409711e-41	2.3961907336e-35	1.4736957586e-23	6.2637697301e-33	9.3662552911e-24	1.0307909211e-30	6.8614176656e-47	1.8515479586e-25	4.0423008528e-24	1.3515481229e-33	9.4399301419e-48	3.9958974711e-23	5.3524710522e-33	1.7035284709e-32	3.9875877543e-42	2.6647196965e-63	3.7240265867e-42	2.4858583367e-21	2.2163293190e-25	1.5060549181e-34	2.0062942388e-34	4.4604493197e-51	4.6941279892e-16	2.0322002603e-32	1.5908776081e-26	8.2278888969e-01	3.7197446109e-16	5.1892155708e-24	5.9628027832e-05	2.6528400695e-29	9.7375630800e-26	6.0834244753e-08	1.3907918337e-22	3.2177035959e-26	7.7421350795e-22	2.5219238156e-20	2.5438964398e-36	1.8330098739e-58	4.7130986344e-28	5.4258902688e-40	3.3678326897e-03	4.5050710467e-27	7.6868678363e-64	1.6589359766e-80	6.0592609168e-99	1.5918911183e-32	1.6473733377e-14	1.6703120320e-28	1.3761399264e-22	1.5430901257e-55	1.0857780526e-44	6.1290056026e-58	1.7745975073e-62	1.1702908863e-53	3.0039095219e-56	1.6708413580e-48	2.6429037346e-30	8.2138035047e-67	3.4686827760e-29	3.9547033370e-32	1.7764978826e-43	5.7932359659e-54	5.6617864192e-35	1.6469904440e-58	1.8591107112e-36	9.8528659704e-41	7.1177663865e-55	1.2806725347e-43	1.9346260199e-26	3.7542648753e-106	9.8862816395e-74	4.3048415013e-54	6.3369811873e-42	2.9997023392e-53	2.0441603685e-58	4.0370653465e-41	3.7638998225e-67	3.2175458432e-69	4.1272598910e-46	8.9692009429e-65	1.2189714013e-55	2.8307339483e-42	1.0031678765e-49
2.1493954060e-03	9.2000000000e+02	3.1712827200e+16	1.6921747340e+16	3.2154986349e+00	2.1702535367e-26	1.2513352840e-30	4.3576150860e-09	1.4187454952e-01	2.5307848741e-24	3.9336914976e-24	7.5243646442e-28	2.6788577716e-27	6.4701327255e-08	4.0682876250e-13	1.6943569667e-14	6.9729219149e-20	8.9788170456e-11	3.5818662439e-11	3.5177599177e-04	9.8217462147e-37	5.0147092550e-20	2.7034841693e-23	1.5963730474e-34	1.9751958253e-28	3.1672461775e-02	7.6867280779e-06	6.3396515303e-41	2.9213425542e-42	1.4972186607e-35	3.7653837195e-23	4.0899936710e-32	2.3953930755e-23	6.7370043683e-30	4.4886887542e-46	1.4637021731e-25	5.1084495405e-24	3.3045316467e-34	9.0315384819e-49	3.9913600489e-23	3.3443996873e-33	2.7237282548e-32	2.4915757803e-42	4.4549477370e-62	2.3268941075e-42	2.4858229022e-21	3.5429973183e-25	3.8487532028e-34	5.1271247046e-34	1.8222190667e-50	5.9311315111e-16	4.1047985880e-32	4.9202959750e-27	8.2262969082e-01	4.7052531040e-16	8.3047293658e-24	9.5303561323e-05	6.7781702903e-29	3.8096124758e-26	9.7340605778e-08	6.8828563486e-23	8.2398996399e-26	4.8466691594e-22	3.1870761297e-20	5.1392840847e-36	5.9198502987e-58	1.4579372604e-28	6.5677689756e-41	3.3683884162e-03	7.2030432772e-27	3.1408647768e-63	1.0836079268e-79	6.3271032901e-98	2.0143685015e-32	6.4389218949e-15	2.6671466887e-28	8.5985741814e-23	3.9389757505e-55	1.0388049612e-45	2.2945500189e-59	6.1658547266e-63	1.3150070948e-53	1.3202504549e-56	2.3749012004e-48	1.8569215039e-30	3.6107019059e-67	4.9312016442e-29	1.1356215589e-31	1.9961766316e-43	2.5461893454e-54	8.0475523899e-35	1.1571862918e-58	4.2243345574e-36	1.6945196447e-41	3.9572115265e-55	2.3026317218e-43	2.1750104109e-26	2.0879903794e-106	4.3459057595e-74	6.1199143479e-54	4.4532027286e-42	1.0898125006e-52	1.1368841065e-58	7.2611910274e-41	3.3464320403e-67	1.7871495126e-69	7.4137649473e-46	7.9640251017e-65	3.5003642120e-55	3.8486376929e-43	4.4108515784e-50
3.4406869063e-03	9.2000000000e+02	5.0778760691e+16	2.7087819367e+16	3.2181692450e+00	2.4375777879e-26	7.8170853206e-31	3.4436357814e-09	1.4191320009e-01	2.0005438653e-24	3.9265599796e-24	1.8410239626e-28	2.1169860792e-27	6.4699842342e-08	6.5004355919e-13	2.1395085966e-14	6.9707632382e-20	1.4342518868e-10	4.5297275250e-11	5.6276372447e-04	4.0117158247e-36	3.9640452805e-20	3.4147385413e-23	1.5967941093e-34	1.9757168061e-28	3.1615041732e-02	1.2260106249e-05	1.5511542746e-41	2.7995648869e-43	9.3531175567e-36	9.6107288641e-23	2.6653317641e-31	6.1231861994e-23	4.3969250185e-29	2.9339676072e-45	1.1570325210e-25	6.4524215567e-24	8.0853629966e-35	8.6550541538e-50	3.9841239817e-23	2.0892448280e-33	4.3533049265e-32	1.5564861557e-42	7.4346407893e-61	1.4536095963e-42	2.4857658518e-21	5.6611105194e-25	9.8263369084e-34	1.3090175458e-33	7.4338355727e-50	7.4893939735e-16	8.2821244596e-32	1.5229232594e-27	8.2237502117e-01	5.9520998337e-16	1.3293348429e-23	1.5223532449e-04	1.7300536070e-28	1.4916425942e-26	1.5576807258e-07	3.4091794810e-23	2.1106936070e-25	3.0368386626e-22	4.0255577664e-20	1.0372346766e-35	1.9090878088e-57	4.5138812471e-29	7.9642999403e-42	3.3692768676e-03	1.1512544884e-26	1.2816991781e-62	7.0656125238e-79	6.5920932994e-97	2.5496181592e-32	2.5173496495e-15	4.2540208855e-28	5.3715250318e-23	1.0038684385e-54	9.9550184197e-47	8.6123967380e-61	2.1423360707e-63	1.4769850761e-53	5.8029365527e-57	3.3743547809e-48	1.3041448152e-30	1.5874777025e-67	7.0084577530e-29	3.2565908192e-31	2.2420586976e-43	1.1191342649e-54	1.1434284878e-34	8.1270990694e-59	9.5905668903e-36	2.9171351479e-42	2.2002799747e-55	4.1387277908e-43	2.4444884095e-26	1.1616356757e-106	1.9107167166e-74	8.6979126497e-54	3.1284501738e-42	3.9546043289e-52	6.3249031630e-59	1.3058679016e-40	2.9748184917e-67	9.9219258302e-70	1.3305389758e-45	7.0649401412e-65	1.0037898512e-54	5.2374487534e-44	1.9403894342e-50
5.5096278411e-03	9.2000000000e+02	8.1348246573e+16	4.3376165225e+16	3.2224449039e+00	2.7359839116e-26	4.8816624070e-31	2.7206399149e-09	1.4197496906e-01	1.5812517116e-24	3.9152085922e-24	4.5096493389e-29	1.6725220644e-27	6.4697442904e-08	1.0378775840e-12	2.6989054389e-14	6.9673102405e-20	2.2889169014e-10	5.7278001873e-11	9.0027012618e-04	1.6361249357e-35	3.1332246663e-20	4.3095325528e-23	1.5974669873e-34	1.9765493594e-28	3.1523645042e-02	1.9518960366e-05	3.7996039113e-42	2.6898887077e-44	5.8408934395e-36	2.4489544103e-22	1.7314709454e-30	1.5640260743e-22	2.8632227801e-28	1.9151533017e-44	9.1453113623e-26	8.1432063999e-24	1.9805365184e-35	8.3159824378e-51	3.9726061811e-23	1.3047046971e-33	6.9537942650e-32	9.7200422432e-43	1.2372224079e-59	9.0775922608e-43	2.4856736655e-21	9.0386861397e-25	2.5050425213e-33	3.3370976835e-33	3.0259112192e-49	9.4475741584e-16	1.6681502478e-31	4.7194600605e-28	8.2196765415e-01	7.5298281392e-16	2.1285275959e-23	2.4295175095e-04	4.4084298607e-28	5.8480359695e-27	2.4930114122e-07	1.6909317867e-23	5.4091872858e-25	1.9055875453e-22	5.0804101186e-20	2.0901117940e-35	6.1424010874e-57	1.3994697044e-29	9.6854860814e-43	3.3706966575e-03	1.8389676336e-26	5.2194941259e-62	4.5942212214e-78	6.8439245152e-96	3.2284060593e-32	9.8457012235e-16	6.7727035455e-28	3.3544435989e-23	2.5518728284e-54	9.5650191062e-48	3.2458484875e-62	7.4435194068e-64	1.6577962870e-53	2.5507594863e-57	4.7915581322e-48	9.1530805960e-31	6.9811729752e-68	9.9565196507e-29	9.3187531549e-31	2.5165295467e-43	4.9193064867e-55	1.6236597586e-34	5.7039672226e-59	2.1744532589e-35	5.0296606025e-43	1.2235750084e-55	7.4350491809e-43	2.7459421065e-26	6.4658669761e-107	8.4026653630e-75	1.2356632696e-53	2.1966951257e-42	1.4322792198e-51	3.5205027304e-59	2.3480880723e-40	2.6438149638e-67	5.5043555637e-70	2.3845280500e-45	6.2580462661e-65	2.8723503696e-54	7.1379081194e-45	8.5428818206e-51
8.8274759515e-03	9.2000000000e+02	1.3042599092e+17	6.9496900052e+16	3.2292930743e+00	3.0676715362e-26	3.0468667665e-31	2.1485315273e-09	1.4207362217e-01	1.2496543063e-24	3.8971948612e-24	1.1066378125e-29	1.3208166086e-27	6.4693543779e-08	1.6551274919e-12	3.3991460775e-14	6.9617874349e-20	3.6475153667e-10	7.2414979642e-11	1.4401188559e-03	6.6567914415e-35	2.4761697763e-20	5.4316345450e-23	1.5985415661e-34	1.9778789381e-28	3.1378605909e-02	3.0985991186e-05	9.3239740936e-43	2.5952192535e-45	3.6455663304e-36	6.2238526086e-22	1.1192234388e-29	3.9900742862e-22	1.8578691459e-27	1.2474464707e-43	7.2274879723e-26	1.0263507851e-23	4.8601042688e-36	8.0233050804e-52	3.9543283659e-23	8.1432533640e-34	1.1097505622e-31	6.0667189187e-43	2.0496945273e-58	5.6657367661e-43	2.4855238612e-21	1.4414202745e-24	6.3710632553e-33	8.4872253663e-33	1.2273388772e-48	1.1898780958e-15	3.3506481037e-31	1.4653453526e-28	8.2131610178e-01	9.5267294882e-16	3.4098966383e-23	3.8715701931e-04	1.1203727425e-27	2.2974319444e-27	3.9908736672e-07	8.4051148564e-24	1.3872790772e-24	1.1984817191e-22	6.4032306903e-20	4.2012776791e-35	1.9690717306e-56	4.3483990631e-30	1.1832167912e-43	3.3729640466e-03	2.9347939952e-26	2.1186291272e-61	2.9740613551e-77	7.0656923833e-95	4.0905655395e-32	3.8531940356e-16	1.0751542522e-27	2.0936602881e-23	6.4606949113e-54	9.2283824507e-49	1.2312464661e-63	2.5861544041e-64	1.8587735333e-53	1.1213226121e-57	6.7976221896e-48	6.4171154201e-31	3.0711970671e-68	1.4135332630e-28	2.6575173868e-30	2.8216123741e-43	2.1625439908e-55	2.3034314307e-34	3.9989832533e-59	4.9197363885e-35	8.6931417325e-44	6.8057597106e-56	1.3345936407e-42	3.0820084774e-26	3.6017937473e-107	3.6965480314e-75	1.7542787989e-53	1.5412055582e-42	5.1718885526e-51	1.9610430654e-59	4.2210064904e-40	2.3486862030e-67	3.0499596958e-70	4.2639219616e-45	5.5301623916e-65	8.1913544884e-54	9.7504372001e-46	3.7659688771e-51
1.4155658951e-02	9.2000000000e+02	2.0938163587e+17	1.1144458741e+17	3.2402684792e+00	3.4338522793e-26	1.9000276286e-31	1.6955839862e-09	1.4223102805e-01	9.8736076081e-25	3.8687447635e-24	2.7232590021e-30	1.0423656632e-27	6.4687153107e-08	2.6345112291e-12	4.2703051385e-14	6.9529556183e-20	5.7990564135e-10	9.1526790680e-11	2.3035056472e-03	2.6982296174e-34	1.9564393623e-20	6.8316879401e-23	1.6002558678e-34	1.9800000473e-28	3.1149537454e-02	4.8966025595e-05	2.2944811843e-43	2.5201969816e-46	2.2733769740e-36	1.5751829693e-21	7.1781332300e-29	1.0159759577e-21	1.1987830170e-26	8.0980064650e-43	5.7104896825e-26	1.2909020706e-23	1.1959940779e-36	7.7913683859e-53	3.9254611852e-23	5.0781368417e-34	1.7684890434e-31	3.7832089304e-43	3.3718508195e-57	3.5331562609e-43	2.4852783318e-21	2.2943476666e-24	1.6143289070e-32	2.1505316617e-32	4.9505802240e-48	1.4948291220e-15	6.7008424118e-31	4.5634632430e-29	8.2027416919e-01	1.2055134308e-15	5.4669985116e-23	6.1552733029e-04	2.8355299751e-27	9.0545807032e-28	6.3909780057e-07	4.1921852353e-24	3.5621632870e-24	7.5648330618e-23	8.0537218625e-20	8.4118277347e-35	6.2759868596e-56	1.3557897842e-30	1.4558085913e-44	3.3765812675e-03	4.6768627129e-26	8.5556881895e-61	1.9118835584e-76	7.2306567486e-94	5.1883393202e-32	1.5094399034e-16	1.6990268383e-27	1.3056075954e-23	1.6252500960e-53	8.9616095310e-50	4.7182659826e-65	8.9845142858e-65	2.0806509624e-53	4.9299425249e-58	9.6294370321e-48	4.4912024455e-31	1.3518464306e-68	2.0047411529e-28	7.5382732545e-30	3.1584216132e-43	9.5077165729e-56	3.2630156988e-34	2.7988032303e-59	1.1094231207e-34	1.5082211498e-44	3.7866835295e-56	2.3925666723e-42	3.4546086499e-26	2.0087849073e-107	1.6271066795e-75	2.4880029313e-53	1.0799204016e-42	1.8587648046e-50	1.0936700688e-59	7.5848642788e-40	2.0851422926e-67	1.6867307342e-70	7.5978987918e-45	4.8685658381e-65	2.3235471107e-53	1.3367224212e-46	1.6635140311e-51
2.2731587982e-02	9.2000000000e+02	3.3682420132e+17	1.7896111036e+17	3.2578751151e+00	3.8336807358e-26	1.1832056401e-31	1.3366818457e-09	1.4248179070e-01	7.7982331065e-25	3.8241477491e-24	6.7307075926e-31	8.2172942766e-28	6.4676545587e-08	4.1811245178e-12	5.3435751577e-14	6.9388360959e-20	9.1862608871e-10	1.1563088100e-10	3.6840312872e-03	1.0872801841e-33	1.5452072648e-20	8.5647095455e-23	1.6029863050e-34	1.9833784232e-28	3.0790460685e-02	7.6828739806e-05	5.6709559819e-44	2.4721665358e-47	1.4157017599e-36	3.9607435057e-21	4.5476367286e-28	2.5791804550e-21	7.6677407252e-26	5.2294684097e-42	4.5101781906e-26	1.6183703622e-23	2.9559753276e-37	7.6428788433e-54	3.8802103714e-23	3.1623119905e-34	2.8119463273e-31	2.3559205544e-43	5.4862591226e-56	2.2002050666e-43	2.4848707912e-21	3.6412649054e-24	4.0667674670e-32	5.4175528670e-32	1.9796011136e-47	1.8705295060e-15	1.3309651598e-30	1.4278242735e-29	8.1860842009e-01	1.5258409262e-15	8.7761936208e-23	9.7505425641e-04	7.1298427884e-27	3.5863855526e-28	1.0240306544e-06	2.1020232960e-24	9.1640599269e-24	4.8018085190e-23	1.0096741701e-19	1.6739375783e-34	1.9824177794e-55	4.2499533909e-31	1.8112047505e-45	3.3823425607e-03	7.4363406309e-26	3.4275842706e-60	1.2157909348e-75	7.2985985664e-93	6.5915688004e-32	5.9217745900e-17	2.6658093912e-27	8.1304200388e-24	4.0477466727e-53	8.7908172858e-51	1.8369490745e-66	3.1207637985e-65	2.3229163236e-53	2.1677868644e-58	1.3609546701e-47	3.1347407223e-31	5.9554377416e-69	2.8386553985e-28	2.1204827786e-29	3.5261796692e-43	4.1807187393e-56	4.6117093232e-34	1.9534907558e-59	2.4888816442e-34	2.6321534935e-45	2.1078619452e-56	4.2807044073e-42	3.8641564962e-26	1.1224433546e-107	7.1680719859e-76	3.5229400774e-53	7.5516585624e-43	6.6314324256e-50	6.1107243172e-60	1.3621414757e-39	1.8492955784e-67	9.2998581405e-71	1.3464558207e-44	4.2608464403e-65	6.5360348016e-53	1.8428033333e-47	7.3710993223e-52
3.6584467749e-02	9.2000000000e+02	5.4360490201e+17	2.8802197962e+17	3.2861574913e+00	4.2623870552e-26	7.3517929228e-32	1.0519311968e-09	1.4288034023e-01	6.1553052170e-25	3.7550501139e-24	1.6745483024e-31	6.4667805811e-28	6.4658622237e-08	6.6057292813e-12	6.6456772686e-14	6.9162735998e-20	1.4470127261e-09	1.4597739907e-10	5.8906246093e-03	4.3418577369e-33	1.2196637634e-20	1.0683512401e-22	1.6073243967e-34	1.9887459535e-28	3.0234115021e-02	1.1922101728e-04	1.4108902492e-44	2.4627402033e-48	8.7963966927e-37	9.8595781525e-21	2.8272450953e-27	6.5173014029e-21	4.8389326257e-25	3.3499950228e-41	3.5599760827e-26	2.0187351062e-23	7.3542393553e-38	7.6137366654e-55	3.8100997537e-23	1.9648877696e-34	4.4558318247e-31	1.4638402211e-43	8.7772610038e-55	1.3670871309e-43	2.4841821767e-21	5.7528088685e-24	1.0153716888e-31	1.3526295389e-31	7.8109064835e-47	2.3263330357e-15	2.6159055035e-30	4.4992276428e-30	8.1594661211e-01	1.9320356710e-15	1.4116675192e-22	1.5358979405e-03	1.7748496485e-26	1.4313519484e-28	1.6422720033e-06	1.0625594370e-24	2.3646488006e-23	3.0743039028e-23	1.2594550300e-19	3.2998083528e-34	6.1757923058e-55	1.3432024272e-31	2.2920747156e-46	3.3914960464e-03	1.1783682683e-25	1.3564568536e-59	7.6036966684e-75	7.2136223037e-92	8.3962016253e-32	2.3282888979e-17	4.1367398229e-27	5.0517984765e-24	9.9263704168e-53	8.7572980365e-52	7.3272652667e-68	1.0836524745e-65	2.5826794536e-53	9.5339299956e-59	1.9164913022e-47	2.1787381775e-31	2.6270186833e-69	4.0093129871e-28	5.8879995793e-29	3.9204992830e-43	1.8386807507e-56	6.4941919086e-34	1.3577342645e-59	5.5387973609e-34	4.6352216986e-46	1.1741505675e-56	7.6349233779e-42	4.3083465176e-26	6.2903330025e-108	3.1619269393e-76	4.9757957280e-53	5.2642906311e-43	2.3391642296e-49	3.4242266959e-60	2.4439923862e-39	1.6376616853e-67	5.1033281042e-71	2.3657948891e-44	3.6950565487e-65	1.8148777510e-52	2.5621941651e-48	3.2815054199e-52
5.9088352746e-02	9.2000000000e+02	8.8186651710e+17	4.6519043129e+17	3.3316684366e+00	4.7081396567e-26	4.5518519062e-32	8.2556403175e-10	1.4351153975e-01	4.8536976324e-25	3.6498866355e-24	4.2068301430e-32	5.0751812144e-28	6.4627616861e-08	1.0365284975e-11	8.1878797415e-14	6.8802491218e-20	2.2598162603e-09	1.8407134684e-10	9.4152202997e-03	1.7103393533e-32	9.6175232780e-21	1.3225313140e-22	1.6141910273e-34	1.9972420503e-28	2.9387382059e-02	1.8192200827e-04	3.5444636743e-45	2.5103734762e-49	5.4462762313e-37	2.4172851971e-20	1.7083253220e-26	1.6353312091e-20	2.9924372658e-24	2.1202545371e-40	2.8071796401e-26	2.4990286831e-23	1.8475451413e-38	7.7609983195e-56	3.7033945617e-23	1.2165574076e-34	7.0250426197e-31	9.0633454598e-44	1.3691165258e-53	8.4643001074e-44	2.4829909512e-21	9.0269371922e-24	2.5012338966e-31	3.3320240160e-31	3.0206435115e-46	2.8661841924e-15	5.0596798766e-30	1.4327282863e-30	8.1169662831e-01	2.4477970441e-15	2.2778281449e-22	2.3986293122e-03	4.3514212434e-26	5.7775122059e-29	2.6373873874e-06	5.4364605524e-25	6.1304495252e-23	1.9937852323e-23	1.5591021503e-19	6.4128252125e-34	1.8841789505e-54	4.2976103091e-32	2.9756152442e-47	3.4059848145e-03	1.8578096374e-25	5.2706444080e-59	4.6382194867e-74	6.9079421572e-91	1.0738967262e-31	9.1825424610e-18	6.3123435230e-27	3.1278136866e-24	2.3778895374e-52	8.9266779679e-53	3.0305684082e-69	3.7608264333e-66	2.8527713224e-53	4.1940518238e-59	2.6833163402e-47	1.5046505820e-31	1.1611402831e-69	5.6402022880e-28	1.6028828535e-28	4.3304978899e-43	8.0885032292e-57	9.0926430216e-34	9.3766000541e-60	1.2174448012e-33	8.2736050289e-47	6.5471787229e-57	1.3549968196e-41	4.7805556743e-26	3.5414930264e-108	1.3975693301e-76	6.9998262895e-53	3.6528359524e-43	8.1100399591e-49	1.9275795339e-60	4.3787770712e-39	1.4472473609e-67	2.7804528493e-71	4.1024407928e-44	3.1604717526e-65	4.9406192867e-52	3.6080100714e-49	1.4707268401e-52
9.5969479284e-02	9.2000000000e+02	1.4422254887e+18	7.5554794445e+17	3.4050397812e+00	5.1471072068e-26	2.8025725792e-32	6.4508209740e-10	1.4450600129e-01	3.8212578212e-25	3.4940616040e-24	1.0714177733e-32	3.9656627670e-28	6.4572447199e-08	1.6102480747e-11	9.9475955417e-14	6.8228193271e-20	3.4842978610e-09	2.3165484027e-10	1.5037691000e-02	6.6038596404e-32	7.5717605072e-21	1.6189074593e-22	1.6250002414e-34	2.0106163143e-28	2.8132743165e-02	2.7078142002e-04	9.0272277425e-46	2.6447055814e-50	3.3532691175e-37	5.7949871225e-20	9.9005662967e-26	4.0610546416e-20	1.7964826932e-23	1.3185436442e-39	2.2100587980e-26	3.0590551114e-23	4.7054257816e-39	8.1762955860e-57	3.5452851102e-23	7.4903369044e-35	1.0995877728e-30	5.5802965441e-44	2.0583147976e-52	5.2114646680e-44	2.4808713346e-21	1.4023356105e-23	6.0415487612e-31	8.0482619373e-31	1.1344252672e-45	3.4821763380e-15	9.5576724188e-30	4.6308763614e-31	8.0492135464e-01	3.1038447593e-15	3.6932645598e-22	3.6983267749e-03	1.0431714926e-25	2.3699310113e-29	4.2441819305e-06	2.8301311062e-25	1.6009314920e-22	1.3172377548e-23	1.9084932615e-19	1.2205284328e-33	5.5757473067e-54	1.3995737239e-32	4.0084885486e-48	3.4287925358e-03	2.9079179616e-25	1.9943874409e-58	2.7288492689e-73	6.3191604315e-90	1.3823750842e-31	3.6362124730e-18	9.3955940743e-27	1.9257930732e-24	5.5031041656e-52	9.4043516907e-54	1.3206818534e-70	1.3040880117e-66	3.1187519708e-53	1.8456650390e-59	3.7228988272e-47	1.0295256905e-31	5.1484106759e-70	7.8844868992e-28	4.2362397955e-28	4.7342556771e-43	3.5594857326e-57	1.2615355683e-33	6.4157424725e-60	2.6262802991e-33	1.5060833330e-47	3.6565268856e-57	2.3858498914e-41	5.2683045673e-26	2.0083542412e-108	6.1967196937e-77	9.7851168908e-53	2.5182630678e-43	2.7407323423e-48	1.0928628792e-60	7.8270204581e-39	1.2757881740e-67	1.4990688652e-71	6.9733046144e-44	2.6493564929e-65	1.3057503230e-51	5.1751921309e-50	6.6509092226e-53
1.5493399885e-01	9.2000000000e+02	2.3471738243e+18	1.2197634626e+18	3.4660272223e+00	5.8758600331e-26	1.4981089107e-32	5.0553029270e-10	1.4567478284e-01	3.0190490697e-25	3.6792210309e-24	2.2965051757e-33	2.6819339980e-28	5.5700228236e-08	2.3612470618e-11	1.1436400030e-13	5.8377025725e-20	5.0679495215e-09	2.5076404073e-10	2.0594479688e-02	2.6136373504e-31	5.1625088666e-21	1.8763976435e-22	1.4131712534e-34	1.7485198492e-28	2.5564512366e-02	4.1829551324e-04	1.6697947519e-46	1.6928099312e-51	1.5468743511e-37	1.2365409548e-19	6.1051156058e-25	8.1591989730e-20	1.0430606337e-22	7.2083138622e-39	1.3003728106e-26	3.0597804570e-23	7.5111724096e-40	4.5163496854e-58	2.7802042886e-23	2.9818657847e-35	1.2106271256e-30	1.9170971814e-44	2.4217484028e-51	1.5450650132e-44	2.4797840339e-21	2.3828707924e-23	1.7451619263e-30	2.3248211446e-30	5.5706035118e-45	4.6389732538e-15	2.1645227905e-29	1.2557915469e-31	7.9805244427e-01	3.9251422208e-15	5.9572146277e-22	6.2333595358e-03	2.9889009225e-25	8.1308483392e-30	6.7903972954e-06	1.2284358963e-25	4.1333021199e-22	7.2336235070e-24	2.5632642188e-19	2.7866957694e-33	2.1641315358e-53	3.8263243838e-33	3.7921789767e-49	3.4552737631e-03	4.9815250349e-25	9.8734180077e-58	2.2965529017e-72	9.0405572526e-89	1.7768246667e-31	1.3249416343e-18	1.6818547250e-26	1.1928779984e-24	1.6745992055e-51	6.9752474321e-55	3.3896209908e-72	3.7824361140e-67	3.0724807874e-53	6.7727239101e-60	4.6401856831e-47	6.4222408338e-32	1.9046505398e-70	9.9073885901e-28	1.2060538525e-27	4.0249469219e-43	1.5135529964e-57	1.8220215736e-33	4.6376312287e-60	6.4481332584e-33	2.2160601901e-48	1.9670931858e-57	4.3595626029e-41	6.0955337090e-26	1.0985428297e-108	2.6564635601e-77	1.4247926594e-52	1.8351941694e-43	1.1532676285e-47	5.9756494038e-61	1.4536489633e-38	1.1858695552e-67	8.5649550034e-72	1.3532741245e-43	2.5732549373e-65	4.3077073975e-51	6.0188461197e-51	2.6273106249e-53
2.4787250902e-01	9.2000000000e+02	3.7884786313e+18	1.9514492115e+18	3.4967930108e+00	6.7032919138e-26	7.2758688819e-33	3.9815376298e-10	1.4696784814e-01	2.3967689615e-25	3.9240864411e-24	4.9301162231e-34	1.6412503628e-28	4.3293366387e-08	3.1316277429e-11	1.1942091834e-13	4.5014661226e-20	6.6682000675e-09	2.4364783331e-10	2.5213514792e-02	9.3165803340e-31	3.1844902251e-21	1.9750054920e-22	1.1071629311e-34	1.3698950900e-28	2.1185723953e-02	5.9149805581e-04	2.7853253399e-47	9.6982281882e-53	5.8374022992e-38	2.1571099136e-19	3.1008895701e-24	1.3243949611e-19	4.9295603626e-22	3.1698488073e-38	6.2326121130e-27	2.5024004227e-23	9.7351731164e-41	2.0104573765e-59	1.7902167428e-23	8.7433082040e-36	9.7709700281e-31	4.3677214552e-45	1.8720124780e-50	2.7351470061e-45	2.4805908192e-21	4.0672988672e-23	5.0828306545e-30	6.7711035873e-30	2.7684486898e-44	6.2343305841e-15	4.9635733160e-29	3.3969766124e-32	7.9199117880e-01	4.9474560208e-15	9.5369043077e-22	1.0555417336e-02	8.6363268410e-25	2.7713803569e-30	1.0784673521e-05	5.2759180976e-26	1.0505866397e-21	3.9145939449e-24	3.4722716493e-19	6.4413099379e-33	8.5355716298e-53	1.0432998551e-33	3.5513015386e-50	3.4839835454e-03	8.5707784540e-25	4.9460000261e-57	1.9630319288e-71	1.3185919789e-87	2.2754947619e-31	4.8534526332e-19	3.0608037543e-26	7.4561458698e-25	5.2002258492e-51	5.1430495499e-56	8.5838791096e-74	1.0065022622e-67	2.7235100094e-53	2.2708675183e-60	5.1827520505e-47	3.6743399363e-32	6.4371864836e-71	1.1154153836e-27	3.1126847540e-27	2.7721904748e-43	6.5313498770e-58	2.6191204875e-33	3.4148045220e-60	1.5816132191e-32	3.2844165399e-49	1.0695855409e-57	7.8964184363e-41	7.1261000968e-26	6.0723476401e-109	1.1554776246e-77	2.0644577154e-52	1.3620843939e-43	4.8653385232e-47	3.3012652386e-61	2.6751706969e-38	1.1178835065e-67	5.0050618572e-72	2.6343094356e-43	2.5658513802e-65	1.4308414896e-50	7.0795335805e-52	1.0294362900e-53
3.9656099491e-01	9.2000000000e+02	6.1271192919e+18	3.1220430369e+18	3.5349216045e+00	7.1983029039e-26	3.5562096585e-33	3.1326060355e-10	1.4857036718e-01	1.9043630994e-25	3.7627937416e-24	1.3093886278e-34	1.0097501272e-28	3.3858339599e-08	3.7572311277e-11	1.1271272979e-13	3.4860182458e-20	7.9220535088e-09	2.3750612382e-10	3.0937287810e-02	2.6903720334e-30	1.9785527416e-21	1.8824762217e-22	8.7442882737e-35	1.0819326799e-28	1.5885441236e-02	6.8039760263e-04	5.7845750916e-48	8.5581712230e-54	2.2310342818e-38	3.0742489293e-19	1.0400638846e-23	1.9494135125e-19	1.7076607697e-21	1.1341008013e-37	3.0280422921e-27	1.8650999996e-23	1.5809689388e-41	1.3872909994e-60	1.0496529082e-23	2.6130428539e-36	7.2388960877e-31	1.0207274739e-45	9.6382249895e-50	4.9982695042e-46	2.4809345437e-21	6.2405050637e-23	1.1963900011e-29	1.5937734658e-29	9.9967099872e-44	7.5248572125e-15	9.1908643649e-29	1.1356396637e-32	7.8435358976e-01	6.2284316770e-15	1.5261928191e-21	1.6036900443e-02	2.0129249088e-24	1.1662206265e-30	1.7089932733e-05	2.7945971855e-26	2.6638332234e-21	2.6100238789e-24	4.2324395128e-19	1.2044942818e-32	2.4485931894e-52	3.5222953760e-34	5.0944489535e-51	3.5188835847e-03	1.3280136940e-24	1.8036130071e-56	1.0981712958e-70	1.1316356850e-86	2.9215267195e-31	1.9774963147e-19	4.5025735196e-26	4.6605026921e-25	1.1735484206e-50	5.8039699543e-57	4.1160541495e-75	2.8634765467e-68	2.2869416651e-53	8.1321852224e-61	5.4780139216e-47	2.0185907399e-32	2.3279850346e-71	1.1906057055e-27	6.1513184358e-27	1.8202594895e-43	2.9911230992e-58	3.5402509786e-33	2.3991127877e-60	3.2796865588e-32	6.3912029417e-50	6.1657150434e-58	1.3435236507e-40	7.9324969331e-26	3.5730810700e-109	5.3439391909e-78	2.8180792085e-52	9.6640120941e-44	1.5630296884e-46	1.9408215465e-61	4.6419870098e-38	1.0082197827e-67	2.7935579100e-72	4.3397254288e-43	2.1970159352e-65	3.6161003187e-50	1.0944412042e-52	4.6971507575e-54
6.3444156557e-01	9.2000000000e+02	9.9136489121e+18	4.9948277756e+18	3.5749942904e+00	7.3406973766e-26	1.6946403254e-33	2.4637026417e-10	1.5025459513e-01	1.5130694668e-25	3.2530570780e-24	4.2782004183e-35	6.0543599497e-29	2.5805407413e-08	3.9607358398e-11	9.3473863205e-14	2.6299537935e-20	8.2664517847e-09	2.2545372529e-10	3.6951237113e-02	6.1473068419e-30	1.1984738255e-21	1.5771511763e-22	6.7328064680e-35	8.3305160092e-29	1.0470137012e-02	6.2026712042e-04	1.4409066192e-48	1.1143446650e-54	8.1052839731e-39	3.3826347897e-19	2.1892829916e-23	2.4551918437e-19	4.1144223291e-21	3.1276943384e-37	1.3983460843e-27	1.1912907212e-23	3.0023375834e-42	1.3771395399e-61	5.2743701885e-24	7.2373626674e-37	4.4807481507e-31	2.1553381701e-46	2.9555556230e-49	8.0463162365e-47	2.4802105895e-21	8.6289091068e-23	2.2880833048e-29	3.0480750051e-29	2.6443507115e-43	8.1854710217e-15	1.3828168791e-28	4.6687138352e-33	7.7617301354e-01	7.8345868199e-15	2.4402680910e-21	2.1949770641e-02	3.8106585021e-24	6.0325587828e-31	2.7048419140e-05	1.8188806506e-26	6.7431597637e-21	2.1374384017e-24	4.6511759961e-19	1.8307947510e-32	5.1477145482e-52	1.4628812592e-34	1.1059989442e-51	3.5538963028e-03	1.8550913858e-24	4.8198322166e-56	4.0590233776e-70	5.7852349586e-86	3.7505974793e-31	8.9365758750e-20	5.3839991967e-26	2.9130714075e-25	1.9409220324e-50	9.9126988056e-58	3.6747011755e-76	8.3636331339e-69	1.7780096005e-53	2.9886340997e-61	5.3587844428e-47	1.0260692329e-32	8.6431543896e-72	1.1766240381e-27	9.1489874270e-27	1.0789072978e-43	1.4418761565e-58	4.5426094046e-33	1.5995847027e-60	5.8205843497e-32	1.6104619760e-50	3.7397387495e-58	2.1691061296e-40	8.3732637719e-26	2.2148769354e-109	2.6024463315e-78	3.6530123540e-52	6.5093952455e-44	3.8760643498e-46	1.2014248815e-61	7.6487877290e-38	8.6323518718e-68	1.4803012769e-72	6.1211406495e-43	1.6102323413e-65	7.0546176268e-50	2.1917759696e-53	2.5038937481e-54
1.0150168708e+00	9.2000000000e+02	1.6013634004e+19	7.9910187698e+18	3.6095251851e+00	7.1967450281e-26	7.6903517426e-34	1.9387859799e-10	1.5170590823e-01	1.2007024392e-25	2.5404536522e-24	1.7130776248e-35	3.4590761186e-29	1.8718056751e-08	3.5894436772e-11	6.6724188240e-14	1.8917476964e-20	7.4290872310e-09	2.0417178481e-10	4.2129907586e-02	1.0940794618e-29	6.9048679766e-22	1.1352757862e-22	4.9247151404e-35	6.0933606977e-29	5.9363877150e-03	4.3938970635e-04	4.1889198752e-49	2.0753115568e-55	2.6704669216e-39	2.7575472161e-19	2.7859428285e-23	2.5392091922e-19	6.6423899488e-21	6.4059715592e-37	5.8491370367e-28	6.2258135476e-24	6.3368881246e-43	1.8620528973e-62	2.1711548594e-24	1.7312094084e-37	2.1584268932e-31	3.7431306682e-47	4.9808434304e-49	1.0145348391e-47	2.4779257962e-21	1.0771020664e-22	3.5684040390e-29	4.7536569742e-29	5.1525530152e-43	8.0479724676e-15	1.6986687762e-28	2.3536202167e-33	7.6899467804e-01	9.8546011387e-15	3.8968945388e-21	2.7170398440e-02	5.8934184244e-24	3.8288108086e-31	4.2833943063e-05	1.4534154139e-26	1.7068328351e-20	2.1503164661e-24	4.6114820643e-19	2.2678724989e-32	7.9669970736e-52	7.4367494695e-35	3.6018559228e-52	3.5804650201e-03	2.3350770616e-24	9.4704426761e-56	9.9646290797e-70	1.7744420139e-85	4.7972604667e-31	4.4708313656e-20	5.2532226042e-26	1.8208304095e-25	2.3660838605e-50	2.5427600336e-58	6.0385552457e-77	2.4198208439e-69	1.2655613345e-53	1.0886397810e-61	4.8021818061e-47	4.6697039011e-33	3.1748167848e-72	1.0632734530e-27	1.0165402458e-26	5.5754962362e-44	7.2341767071e-59	5.6069593261e-33	1.0026967799e-60	8.9761442346e-32	5.1761777011e-51	2.3622487675e-58	3.3707459826e-40	8.3196216890e-26	1.4257517203e-109	1.3166728455e-78	4.5468234902e-52	4.1146979904e-44	7.5309607332e-46	7.7170422307e-62	1.2086699384e-37	6.9276288946e-68	7.3703697849e-73	7.4977745919e-43	1.0016798429e-65	1.0796294575e-49	5.5954065799e-54	1.5725781648e-54
1.6238835912e+00	9.2000000000e+02	2.5787471235e+19	1.2784501057e+19	3.6331833089e+00	6.8532584092e-26	3.2997662513e-34	1.5278333521e-10	1.5270023986e-01	9.5074348967e-26	1.8123830326e-24	8.2196764250e-36	1.8712199530e-29	1.2827294933e-08	2.8075132081e-11	4.1197262993e-14	1.2901959759e-20	5.7829344723e-09	1.7555610750e-10	4.5670784594e-02	1.5450321469e-29	3.7532021070e-22	7.0431719563e-23	3.3910741559e-35	4.1957833896e-29	2.9072312234e-03	2.4559953447e-04	1.3797434378e-49	5.2473363122e-56	7.8657978370e-40	1.6818014404e-19	2.2134241855e-23	2.1566784408e-19	7.3494014646e-21	9.8706956822e-37	2.1825136757e-28	2.6514389494e-24	1.4328176700e-43	3.2319617674e-63	7.2990564521e-25	3.5004492534e-38	7.9937593545e-32	5.1955050996e-48	4.7113302184e-49	9.6667026021e-49	2.4736828188e-21	1.2272496561e-22	4.6405603662e-29	6.1819322891e-29	7.6478474660e-43	7.2385727242e-15	1.7437953219e-28	1.4237764759e-33	7.6400675498e-01	1.2402879240e-14	6.2131482578e-21	3.0809894815e-02	7.6274932011e-24	2.9200956880e-31	6.7967182586e-05	1.3974963616e-26	4.3255322067e-20	2.6067000072e-24	4.1676269278e-19	2.3393073774e-32	9.3795857404e-52	4.5203330077e-35	1.6806331554e-52	3.5915093589e-03	2.6733703630e-24	1.4124363299e-55	1.6962118057e-69	3.4474748006e-85	6.0959369483e-31	2.4484222202e-20	4.2774491973e-26	1.1381195021e-25	2.1989205260e-50	9.3657458175e-59	1.7073766816e-77	6.8151836263e-70	8.2729956119e-54	3.8655055143e-62	3.9577279929e-47	1.8924821184e-33	1.1327201236e-72	8.8050974544e-28	8.6565504050e-27	2.5019678698e-44	3.7419036858e-59	6.7315665750e-33	5.9196149235e-61	1.2299824263e-31	2.0552846604e-51	1.5404828630e-58	5.1020241933e-40	7.8069772080e-26	9.4197310866e-110	6.8432628628e-79	5.4850259452e-52	2.4408643940e-44	1.1834820160e-45	5.0809605193e-62	1.8470893821e-37	5.2059489209e-68	3.4513210915e-73	8.1491763363e-43	5.3535931845e-66	1.3392954871e-49	1.7622466928e-54	1.1495623828e-54
2.5979843230e+00	9.2000000000e+02	4.1404301565e+19	2.0453395492e+19	3.6462159521e+00	6.3791882655e-26	1.3536928314e-34	1.2057188643e-10	1.5324799203e-01	7.5092594609e-26	1.2113383638e-24	4.4934390513e-36	9.6920019886e-30	8.3953560231e-09	1.9648208700e-11	2.2816768471e-14	8.4371552394e-21	4.0437634728e-09	1.4494658981e-10	4.7608251757e-02	1.8415160775e-29	1.9456032674e-22	3.9040713297e-23	2.2212886899e-35	2.7484053017e-29	1.2753037704e-03	1.1520165690e-04	4.9504087124e-50	1.6465972492e-56	2.1178652190e-40	8.2533050223e-20	1.2419727305e-23	1.5777742369e-19	6.1476009413e-21	1.2308574171e-36	7.4255374793e-29	9.6460535655e-25	3.3740555866e-44	6.6563061028e-64	2.1014515292e-25	6.1858289856e-39	2.4118654468e-32	6.0258800717e-49	2.8935762667e-49	7.3585060541e-50	2.4667745833e-21	1.3086258297e-22	5.2911504719e-29	7.0486172719e-29	9.3242953196e-43	6.1082967600e-15	1.5734748702e-28	9.8269251724e-34	7.6123538922e-01	1.5615635737e-14	9.8847173234e-21	3.2825330243e-02	8.6895609617e-24	2.5446298720e-31	1.0804088285e-04	1.5375524024e-26	1.0969718717e-19	3.6209455622e-24	3.5198139026e-19	2.1125902647e-32	9.0575086640e-52	3.1225539212e-35	1.0153556976e-52	3.5844797849e-03	2.8530236971e-24	1.7234923615e-55	2.2131848139e-69	4.8098974509e-85	7.6878514352e-31	1.4312238436e-20	3.0570142350e-26	7.1138750453e-26	1.6804254521e-50	4.4778781067e-59	7.1394542118e-78	1.8774335307e-70	5.0541682018e-54	1.3444510898e-62	3.0527029187e-47	7.0382973671e-34	3.9429839310e-73	6.7973001407e-28	6.0468054071e-27	1.0031992772e-44	1.9829544120e-59	7.9110869760e-33	3.3543679371e-61	1.5456673639e-31	9.5257213336e-52	1.0306915099e-58	7.5703198623e-40	7.0518579851e-26	6.3480981643e-110	3.6295019004e-79	6.4515249449e-52	1.3842820093e-44	1.5916207447e-45	3.4052186936e-62	2.7452821687e-37	3.7307505179e-68	1.5489981716e-73	8.1110885734e-43	2.5692598063e-66	1.4254072083e-49	6.4690557458e-55	9.3585081350e-55
4.1564078726e+00	9.2000000000e+02	6.6353751194e+19	3.2722543124e+19	3.6524205148e+00	5.8369093184e-26	5.4075726442e-35	9.5241742811e-11	1.5350876463e-01	5.9155507262e-26	7.8022510784e-25	2.6449962287e-36	4.8928132359e-30	5.3415090327e-09	1.2882017783e-11	1.1869580283e-14	5.3827485756e-21	2.6584584837e-09	1.1686352111e-10	4.8508306167e-02	1.9924230462e-29	9.7952657997e-23	2.0254231289e-23	1.4094401821e-35	1.7439033867e-29	5.2496694643e-04	4.8866712649e-05	1.8623063500e-50	5.8334474209e-57	5.4068511961e-41	3.5733205920e-20	5.7098974985e-24	1.0587140710e-19	4.3803787033e-21	1.3592629400e-36	2.3892065614e-29	3.1982437241e-25	8.1119668436e-45	1.5070756528e-64	5.5284267446e-26	1.0092711855e-39	6.4410776352e-33	6.2833943199e-50	1.3858957410e-49	4.9037390184e-51	2.4557855981e-21	1.3424946204e-22	5.5934950880e-29	7.4513862905e-29	1.0157463058e-42	4.9720729172e-15	1.3198155924e-28	7.3101579637e-34	7.5991174843e-01	1.9646426310e-14	1.5673567303e-20	3.3766758799e-02	9.2111570841e-24	2.3921953640e-31	1.7178092181e-04	1.8266900373e-26	2.7779531175e-19	5.4365056074e-24	2.8572869492e-19	1.7671992237e-32	7.8075554779e-52	2.3165189302e-35	7.0936858514e-53	3.5588027130e-03	2.9189001521e-24	1.8723860154e-55	2.4776490500e-69	5.5487353127e-85	9.6197207417e-31	8.6814016063e-21	2.0290277837e-26	4.4465645361e-26	1.1493329736e-50	2.4822544827e-59	3.7270642831e-78	5.1232747162e-71	2.9555008172e-54	4.6365077718e-63	2.2559467558e-47	2.5012072515e-34	1.3560877290e-73	5.0095364945e-28	3.7547372480e-27	3.7491470023e-45	1.0700272764e-59	9.1477986471e-33	1.8652150009e-61	1.8417579677e-31	4.8406961800e-52	7.0286792990e-59	1.1062609386e-39	6.2624977156e-26	4.3439304017e-110	1.9531965168e-79	7.4397717663e-52	7.6764348858e-45	1.9489872066e-45	2.3095301010e-62	3.9899175950e-37	2.6074194979e-68	6.8156329813e-74	7.6477336370e-43	1.1649288375e-66	1.3849326152e-49	2.6012849961e-55	8.0640271900e-55
6.6496653773e+00	9.2000000000e+02	1.0624053546e+20	5.2351445945e+19	3.6553074630e+00	5.2801658305e-26	2.1328410263e-35	7.5268101260e-11	1.5363010054e-01	4.6455081173e-26	4.9386963398e-25	1.6121125355e-36	2.4399449141e-30	3.3466093740e-09	8.1733290805e-12	5.9941937976e-15	3.3938350998e-21	1.6974248639e-09	9.3160297984e-11	4.8891489767e-02	2.0594288237e-29	4.8539133819e-23	1.0164022003e-23	8.7748988437e-36	1.0857201324e-29	2.0968246724e-04	1.9765932931e-05	7.1624100071e-51	2.1876874350e-57	1.3456691537e-41	1.4579561095e-20	2.3891798844e-24	6.8187950467e-20	2.8932681097e-21	1.4172190495e-36	7.4708024384e-30	1.0127427531e-25	1.9686657123e-45	3.5664225304e-65	1.3933796837e-26	1.5850373875e-40	1.6169759149e-33	6.2267826653e-51	5.9004841407e-50	3.0664401841e-52	2.4383371069e-21	1.3498636066e-22	5.6955363802e-29	7.5873208135e-29	1.0473953838e-42	3.9791943426e-15	1.0696580181e-28	5.6332927190e-34	7.5929763081e-01	2.4663353211e-14	2.4720433667e-20	3.4167428656e-02	9.4386774278e-24	2.3307594880e-31	2.7265203734e-04	2.2502508574e-26	7.0039600900e-19	8.4674214264e-24	2.2723013827e-19	1.4232186365e-32	6.3675919284e-52	1.7738864834e-35	5.2968033925e-53	3.5112489840e-03	2.9164261757e-24	1.9185592090e-55	2.5709500721e-69	5.8307160974e-85	1.1924491036e-30	5.3583882761e-21	1.3006319875e-26	2.7793482522e-26	7.4608161478e-51	1.4752598806e-59	2.1599367922e-78	1.3962317797e-71	1.6870713731e-54	1.5975929165e-63	1.6281577360e-47	8.7276806739e-35	4.6431993945e-74	3.5926887194e-28	2.1980116650e-27	1.3504316191e-45	5.8429507598e-60	1.0462765030e-32	1.0314313136e-61	2.1332240315e-31	2.5774908601e-52	4.8526209085e-59	1.5997521874e-39	5.5359162541e-26	3.0038604144e-110	1.0598337194e-79	8.4555897167e-52	4.2181828036e-45	2.2716496232e-45	1.5744725441e-62	5.6972842580e-37	1.8000990733e-68	2.9809339217e-74	7.0060205097e-43	5.1596421784e-67	1.2848171607e-49	1.0954989990e-55	7.1132574940e-55
1.0638525136e+01	9.2000000000e+02	1.7004400964e+20	8.3754917279e+19	3.6569023821e+00	4.7436642046e-26	8.3675954726e-36	5.9494152457e-11	1.5369713363e-01	3.6319381692e-26	3.1033125566e-25	9.9706636885e-37	1.2105066119e-30	2.0767251546e-09	5.0987980689e-12	2.9895977066e-15	2.1292312695e-21	1.0705759559e-09	7.3910803186e-11	4.9051837148e-02	2.0881344018e-29	2.3818865282e-23	5.0140593453e-24	5.3858967117e-36	6.6639816536e-30	8.2698786272e-05	7.8369876480e-06	2.7804283873e-51	8.4032668190e-58	3.3136322662e-42	5.8021643488e-21	9.6091302526e-25	4.3166644844e-20	1.8510535888e-21	1.4423224853e-36	2.3010185550e-30	3.1357890583e-26	4.7967638242e-46	8.5984367034e-66	3.4492948059e-27	2.4497927595e-41	3.9306278408e-34	6.0405622831e-52	2.3908390500e-50	1.8671189178e-53	2.4107042035e-21	1.3416365871e-22	5.6908149297e-29	7.5810311232e-29	1.0520716424e-42	3.1619376314e-15	8.5447217930e-29	4.4059136941e-34	7.5896250409e-01	3.0835234397e-14	3.8657883461e-20	3.4333288216e-02	9.5347448194e-24	2.3052396556e-31	4.3107102569e-04	2.8144563086e-26	1.7515218454e-18	1.3392439857e-23	1.7859363764e-19	1.1245182286e-32	5.0578381589e-52	1.3722757631e-35	4.0545229860e-53	3.4336316656e-03	2.8670673413e-24	1.9061267117e-55	2.5678226829e-69	5.8544770957e-85	1.4585414848e-30	3.3316373333e-21	8.2160382550e-27	1.7372460569e-26	4.7379359717e-51	9.0283334351e-60	1.3079479023e-78	3.8111118971e-72	9.5131349008e-55	5.5144888358e-64	1.1609984243e-47	3.0285364913e-35	1.5852522245e-74	2.5339418554e-28	1.2525926144e-27	4.7795457161e-46	3.2132723656e-60	1.1886604219e-32	5.7023051237e-62	2.4363665329e-31	1.4025643372e-52	3.3747113488e-59	2.2983120666e-39	4.8942884340e-26	2.0908418885e-110	5.7649420637e-80	9.5016085417e-52	2.3066273566e-45	2.5797892796e-45	1.0712212069e-62	8.0077033534e-37	1.2312189911e-68	1.3032193958e-74	6.3275066151e-43	2.2676686572e-67	1.1665338875e-49	4.7140337653e-56	6.3233213281e-55
1.7020137203e+01	9.2000000000e+02	2.7214318364e+20	1.3399603472e+20	3.6582034844e+00	4.2445386821e-26	3.2763167149e-36	4.7028015932e-11	1.5375181792e-01	2.8201019172e-26	1.9444969405e-25	6.2017703267e-37	5.9939949736e-31	1.2774273844e-09	3.1440423648e-12	1.4839707415e-15	1.3333250891e-21	6.7203838466e-10	5.8530892283e-11	4.9124315062e-02	2.1014856803e-29	1.1585486070e-23	2.4448152128e-24	3.2543121061e-36	4.0265674095e-30	3.2459940173e-05	3.0836218886e-06	1.0833534203e-51	3.2582157749e-58	8.1274881609e-43	2.2871615014e-21	3.8064282033e-25	2.7146868331e-20	1.1698150129e-21	1.4542035790e-36	7.0110028863e-31	9.5778987935e-27	1.1707754702e-46	2.0884208533e-66	8.4809739191e-28	3.7639878742e-42	9.3424364678e-35	5.8138399175e-53	9.5054700924e-51	1.1257047949e-54	2.3671963900e-21	1.3206527378e-22	5.6155407509e-29	7.4807544670e-29	1.0407006214e-42	2.5055267978e-15	6.7874564811e-29	3.4657050885e-34	7.5869409233e-01	3.8291433582e-14	5.9634891651e-20	3.4405284969e-02	9.5781627593e-24	2.2931671272e-31	6.7696655326e-04	3.5406104268e-26	4.3212155966e-18	2.1306266009e-23	1.3901309696e-19	8.7744441399e-33	3.9562289854e-52	1.0603298657e-35	3.1175441436e-53	3.3119826491e-03	2.7722706003e-24	1.8521503983e-55	2.5012257493e-69	5.7166203303e-85	1.7476768102e-30	2.0773645168e-21	5.1606876753e-27	1.0858746685e-26	2.9833052279e-51	5.5882064833e-60	8.0561685547e-79	1.0424103419e-72	5.3322075620e-55	1.9074636935e-64	8.2296057216e-48	1.0501400156e-35	5.3863351489e-75	1.7643633441e-28	7.0553732492e-28	1.6781734463e-46	1.7743190843e-60	1.3450498089e-32	3.1564434645e-62	2.7636724416e-31	7.7069088103e-53	2.3565943057e-59	3.2889219635e-39	4.3327650288e-26	1.4610917669e-110	3.1269656791e-80	1.0561404619e-51	1.2542063177e-45	2.8816122211e-45	7.2179740993e-63	1.1057081575e-36	8.3163898822e-69	5.7042833544e-75	5.6756099749e-43	9.9500790516e-68	1.0489159105e-49	2.0482648398e-56	5.6303455902e-55
2.7229814913e+01	9.2000000000e+02	4.3557246045e+20	2.1437472454e+20	3.6597311207e+00	3.7890350487e-26	1.2821877492e-36	3.7172920690e-11	1.5381602324e-01	2.1661479325e-26	1.2172553219e-25	3.8647547992e-37	2.9664277906e-31	7.7688828035e-10	1.9149912234e-12	7.3552729790e-16	8.3445922290e-22	4.2122990636e-10	4.6323980884e-11	4.9166455246e-02	2.1096525067e-29	5.5716643587e-24	1.1775321589e-24	1.9232459657e-36	2.3796363942e-30	1.2722413627e-05	1.2104280138e-06	4.2269178111e-52	1.2674224212e-58	1.9914502864e-43	8.9892897490e-22	1.5005770171e-25	1.7037095398e-20	7.3638529982e-22	1.4617072483e-36	2.1110485001e-31	2.8883136942e-27	2.8600566637e-47	5.0863582171e-67	2.0812051981e-28	5.7744246376e-43	2.1676371644e-35	5.5843283947e-54	3.7567790084e-51	6.7698613537e-56	2.2993721119e-21	1.2847530469e-22	5.4711504053e-29	7.2884045632e-29	1.0154742966e-42	1.9834676930e-15	5.3813245764e-29	2.7311750192e-34	7.5838265547e-01	4.7035769888e-14	9.0018548695e-20	3.4443152883e-02	9.6032006499e-24	2.2853109266e-31	1.0515877157e-03	4.4621009729e-26	1.0431357495e-17	3.3956291700e-23	1.0693874374e-19	6.7601296185e-33	3.0526209514e-52	8.1199284400e-36	2.3801905057e-53	3.1261967195e-03	2.6207157571e-24	1.7561946543e-55	2.3752282117e-69	5.4368562687e-85	2.0271893461e-30	1.2965074781e-21	3.2354749719e-27	6.7873160001e-27	1.8732002538e-51	3.4718952230e-60	4.9901156244e-79	2.8564373138e-73	2.9802490033e-55	6.6098853665e-65	5.8166936978e-48	3.6445247628e-36	1.8137787114e-75	1.2118209958e-28	3.9552833401e-28	5.8725906344e-47	9.8202375370e-61	1.5184068521e-32	1.7496224175e-62	3.1245854509e-31	4.2526377350e-53	1.6494029013e-59	4.6952099623e-39	3.8407388561e-26	1.0234792770e-110	1.6817702432e-80	1.1585765909e-51	6.7556724396e-46	3.1706675391e-45	4.7704990099e-63	1.4905567759e-36	5.5047725929e-69	2.5003208875e-75	5.0741899463e-43	4.3679457933e-68	9.3918446585e-50	8.9374292538e-57	5.0109616430e-55
4.3563856822e+01	9.2000000000e+02	6.9725172291e+20	3.4296927231e+20	3.6618177901e+00	3.3777694530e-26	5.0187553972e-37	2.9380863191e-11	1.5390372416e-01	1.6355593542e-26	7.6191470144e-26	2.4089495461e-37	1.4682421454e-31	4.6449634868e-10	1.1465601057e-12	3.6455999094e-16	5.2226211436e-22	2.6400302631e-10	3.6661377232e-11	4.9202967742e-02	2.1171222427e-29	2.6344452799e-24	5.5754935389e-25	1.0984970511e-36	1.3591727779e-30	4.9867801479e-06	4.7511197999e-07	1.6498923224e-52	4.9333346374e-59	4.8813496278e-44	3.5330308558e-22	5.9141583727e-26	1.0691787024e-20	4.6341753485e-22	1.4687924981e-36	6.2506975632e-32	8.5640844020e-28	6.9908901011e-48	1.2398015416e-67	5.1084794657e-29	8.8634990569e-44	4.8619337468e-36	5.3677647509e-55	1.4845006108e-51	4.0750068028e-57	2.1953661057e-21	1.2283543148e-22	5.2382829991e-29	6.9781897564e-29	9.7361115907e-43	1.5698902819e-15	4.2652025648e-29	2.1526567679e-34	7.5795907350e-01	5.6786545584e-14	1.3128316246e-19	3.4472006890e-02	9.6246728372e-24	2.2776660687e-31	1.6053960729e-03	5.6234604888e-26	2.4325224068e-17	5.4113298649e-23	8.0857363978e-20	5.1185367795e-33	2.3145682423e-52	6.1138923853e-36	1.7871651966e-53	2.8513749444e-03	2.3936698532e-24	1.6085315718e-55	2.1785552868e-69	4.9936419422e-85	2.2335319562e-30	8.0925816373e-22	2.0280049955e-27	4.2424471092e-27	1.1757675987e-51	2.1580413446e-60	3.0930799852e-79	7.8394589497e-74	1.6637189830e-55	2.2939017824e-65	4.1060394137e-48	1.2665668026e-36	6.0131982476e-76	8.1719504117e-29	2.2142039896e-28	2.0529727648e-47	5.4422294076e-61	1.7116266297e-32	9.7096928219e-63	3.5271147588e-31	2.3501773260e-53	1.1558490078e-59	6.6926081234e-39	3.4081204261e-26	7.1803165325e-111	8.9035222157e-81	1.2476304334e-51	3.5815421853e-46	3.4239272264e-45	3.0508357171e-63	1.9389631845e-36	3.5253374852e-69	1.0973303892e-75	4.5297517973e-43	1.9196639178e-68	8.3958542438e-50	3.9060280891e-57	4.4546116780e-55
6.9696016196e+01	9.2000000000e+02	1.1163799429e+21	5.4870238087e+20	3.6646924117e+00	3.0087116890e-26	1.9654907292e-37	2.3219705266e-11	1.5402454171e-01	1.2021435681e-26	4.7702931249e-26	1.5007397314e-37	7.2702013808e-32	2.7045979816e-10	6.6870964497e-13	1.8081651929e-16	3.2697237491e-22	1.6555861702e-10	2.9020513945e-11	4.9244916657e-02	2.1259680531e-29	1.2132095293e-24	2.5718775826e-25	5.9486331451e-37	7.3602566601e-31	1.9562102828e-06	1.8668595353e-07	6.4400595117e-53	1.9192615529e-59	1.1977646402e-44	1.3904880574e-22	2.3353580457e-26	6.7157938364e-21	2.9205201704e-22	1.4773228549e-36	1.8035646711e-32	2.4751670648e-28	1.7097135619e-48	3.0220549910e-68	1.2555776321e-29	1.3626784198e-44	1.0352872810e-36	5.1705679772e-56	5.8809738449e-52	2.4594031155e-58	2.0401907177e-21	1.1434253429e-22	4.8842002444e-29	6.5064976673e-29	9.0930670169e-43	1.2427443531e-15	3.3819914442e-29	1.6956110955e-34	7.5737626812e-01	6.6724149640e-14	1.8139206605e-19	3.4502681552e-02	9.6492287749e-24	2.2683773252e-31	2.3850285264e-03	7.0811318018e-26	5.3729608496e-17	8.6154273196e-23	5.9529187125e-20	3.7746487730e-33	1.7097044985e-52	4.4788562830e-36	1.3048883216e-53	2.4644273368e-03	2.0722697345e-24	1.3971798529e-55	1.8954470482e-69	4.3519191160e-85	2.2699982355e-30	5.0499271269e-22	1.2718271121e-27	2.6517635946e-27	7.3858569470e-52	1.3399751555e-60	1.9142005871e-79	2.1544124901e-74	9.2851119443e-56	7.9706065413e-66	2.8973707439e-48	4.4082376420e-37	1.9432109574e-76	5.3629599706e-29	1.2398395677e-28	7.1787191477e-48	3.0181220239e-61	1.9276731076e-32	5.3936875656e-63	3.9789115928e-31	1.2990321233e-53	8.1046607165e-60	9.5300139154e-39	3.0265147617e-26	5.0425728821e-111	4.5921881385e-81	1.3067971842e-51	1.8503259607e-46	3.5982177906e-45	1.8503262435e-63	2.3881601860e-36	2.1416600266e-69	4.8210753284e-76	4.0415254780e-43	8.4479640705e-69	7.5033663431e-50	1.7075791223e-57	3.9547563289e-55
1.1150377923e+02	9.2000000000e+02	1.7878612730e+21	8.7784628850e+20	3.6684085093e+00	2.6786929529e-26	7.7023552308e-38	1.8348469527e-11	1.5418072518e-01	8.4785380406e-27	2.9878137549e-26	9.3420797559e-38	3.6018345541e-32	1.5119112811e-10	3.7458576016e-13	8.9764685329e-17	2.0479207949e-22	1.0390680060e-10	2.2979044616e-11	4.9296155454e-02	2.1369214327e-29	5.3645664111e-25	1.1395652431e-25	2.9679888722e-37	3.6722990528e-31	7.6817146512e-07	7.3458890411e-08	2.5134036887e-53	7.4597857407e-60	2.9427828054e-45	5.4825640208e-23	9.2459193228e-27	4.2235074551e-21	1.8442351565e-22	1.4879589990e-36	4.9999390474e-33	6.8758690427e-29	4.1834049064e-49	7.3642535093e-69	3.0911521401e-30	2.0990088871e-45	2.0345314299e-37	4.9933651808e-57	2.3378321525e-52	1.4890832296e-59	1.8191150965e-21	1.0216151224e-22	4.3728345809e-29	5.8252808190e-29	8.1577439202e-43	9.8404515887e-16	2.6834643116e-29	1.3344097754e-34	7.5662312306e-01	7.5213748423e-14	2.3071654604e-19	3.4539087155e-02	9.6792274930e-24	2.2568517785e-31	3.3988542230e-03	8.9066665337e-26	1.0922540900e-16	1.3699796383e-22	4.2071178409e-20	2.6731378804e-33	1.2132658007e-52	3.1459483336e-36	9.1280419218e-54	1.9612227484e-03	1.6525221036e-24	1.1187511241e-55	1.5208378587e-69	3.4989856575e-85	2.0383684685e-30	3.1500205705e-22	7.9822738515e-28	1.6574986042e-27	4.6450407121e-52	8.3072017756e-61	1.1818579505e-79	5.9273068168e-75	5.1827908483e-56	2.7723285418e-66	2.0445860081e-48	1.5364145528e-37	6.0324644239e-77	3.3777489142e-29	6.9489983467e-29	2.5122200604e-48	1.6743873803e-61	2.1697041783e-32	2.9984376475e-63	4.4876762126e-31	7.1772630104e-54	5.6843231747e-60	1.3560804226e-38	2.6890667469e-26	3.5437930182e-111	2.2738421561e-81	1.3127947172e-51	9.1807671397e-47	3.6295790041e-45	1.0337968832e-63	2.7070629360e-36	1.1990230424e-69	2.1199634760e-76	3.6056018789e-43	3.7224305867e-69	6.7077781399e-50	7.4626836523e-58	3.5065651679e-55
1.7839029348e+02	9.2000000000e+02	2.8636408212e+21	1.4044300391e+21	3.6726604009e+00	2.3841385475e-26	3.0196572577e-38	1.4498116521e-11	1.5435943517e-01	5.6319179691e-27	1.8718745994e-26	5.8123561145e-38	1.7850535172e-32	7.9628909573e-11	1.9774275759e-13	4.4590039312e-17	1.2830217256e-22	6.5248373272e-11	1.8198944325e-11	4.9353806280e-02	2.1493437532e-29	2.2350421284e-25	4.7587746972e-26	1.3141058117e-37	1.6259459638e-31	3.0185414196e-07	2.8932648741e-08	9.8081394641e-54	2.8976172294e-60	7.2361582708e-46	2.1643626423e-23	3.6669597256e-27	2.6582845567e-21	1.1661494796e-22	1.5000674107e-36	1.3065665566e-33	1.8009401721e-29	1.0239294303e-49	1.7941515799e-69	7.6185985483e-31	3.2372770236e-46	3.5519661030e-38	4.8303061329e-58	9.3148173206e-53	9.0347479288e-61	1.5275270127e-21	8.5984643588e-23	3.6889391613e-29	4.9142280919e-29	6.8978440874e-43	7.7934837015e-16	2.1301848307e-29	1.0495212413e-34	7.5576142986e-01	7.9839779285e-14	2.6026622690e-19	3.4579668948e-02	9.7130479950e-24	2.2438738051e-31	4.5608732828e-03	1.1194480846e-25	1.9690171617e-16	2.1766883404e-22	2.8010759564e-20	1.7838832625e-33	8.1153244564e-53	2.0800664555e-36	6.0074965141e-54	1.3844562927e-03	1.1692421592e-24	7.9524399203e-56	1.0835643015e-69	2.4987269295e-85	1.5291567296e-30	1.9643862959e-22	5.0125037851e-28	1.0360281091e-27	2.9236304509e-52	5.1446244885e-61	7.2854180849e-80	1.6319292576e-75	2.8932634301e-56	9.6489929705e-67	1.4428562083e-48	5.3598244743e-38	1.7650445430e-77	2.0038658205e-29	3.8972316947e-29	8.7962530324e-49	9.2913216719e-62	2.4411948963e-32	1.6677134733e-63	5.0609063899e-31	3.9643381518e-54	3.9874356605e-60	1.9287713559e-38	2.3900926955e-26	2.4916168421e-111	1.0607315199e-81	1.2417162224e-51	4.2926847345e-47	3.4489866359e-45	5.1250411760e-64	2.7210772253e-36	5.9579181322e-70	9.3274175859e-77	3.2165565220e-43	1.6415892948e-69	5.9978688789e-50	3.2607198648e-58	3.1065671528e-55
2.8539926651e+02	9.2000000000e+02	4.5864535907e+21	2.2468896442e+21	3.6766949515e+00	2.1214509615e-26	1.1836222969e-38	1.1456071893e-11	1.5452900447e-01	3.4619076200e-27	1.1725861763e-26	3.6171896492e-38	8.8452987210e-33	3.8803671441e-11	9.6572236173e-14	2.2143627645e-17	8.0371310705e-23	4.0962493040e-11	1.4411826135e-11	4.9408224432e-02	2.1611443581e-29	8.6155297498e-26	1.8384044731e-26	4.9815832863e-38	6.1637237777e-32	1.1857749652e-07	1.1390505117e-08	3.8277433937e-54	1.1258950128e-60	1.7786916324e-46	8.5395206171e-24	1.4531448438e-27	1.6725027225e-21	7.3691753533e-23	1.5116016145e-36	3.1583839871e-34	4.3629710234e-30	2.5058976431e-50	4.3717279744e-70	1.8767971956e-31	4.9901039004e-47	5.3067638383e-39	4.6691894786e-59	3.7074427506e-53	5.4767132276e-62	1.1870085041e-21	6.6963088828e-23	2.8791595167e-29	3.8354784288e-29	5.3954448730e-43	6.1717088146e-16	1.6905994963e-29	8.2568819284e-35	7.5494384001e-01	7.8431412474e-14	2.5143707252e-19	3.4617874926e-02	9.7450654324e-24	2.2316652324e-31	5.6640162677e-03	1.4074739116e-25	3.0399927740e-16	3.4596998621e-22	1.7255744088e-20	1.1013488123e-33	5.0212748784e-53	1.2730253782e-36	3.6606151747e-54	8.3691083523e-04	7.0836004801e-25	4.8389294708e-56	6.6077444024e-70	1.5270983071e-85	9.0906037575e-31	1.2251679057e-22	3.1468234937e-28	6.4757474922e-28	1.8394576708e-52	3.1876706377e-61	4.4944332825e-80	4.4933854464e-76	1.6144574525e-56	3.3586141469e-67	1.0178117403e-48	1.8697276128e-38	4.7793496312e-78	1.0996337249e-29	2.1842088133e-29	3.0780343264e-49	5.1572537481e-62	2.7460582049e-32	9.2770969059e-64	5.7053887411e-31	2.1908487358e-54	2.7979533549e-60	2.7427979100e-38	2.1247946042e-26	1.7521647682e-111	4.5801688426e-82	1.0865873619e-51	1.8576105089e-47	3.0313292421e-45	2.1762769368e-64	2.3416605999e-36	2.5354846368e-70	4.1043680567e-77	2.8684173879e-43	7.2393411217e-70	5.3604071515e-50	1.4254415483e-58	2.7522187589e-55
4.5659850510e+02	9.2000000000e+02	7.3436661295e+21	3.5947059892e+21	3.6796955452e+00	1.8872640556e-26	4.6355868900e-39	9.0535717226e-12	1.5465511729e-01	1.9609930463e-27	7.3412234081e-27	2.2536114469e-38	4.3799579519e-33	1.7412954579e-11	4.3406746969e-14	1.0982760429e-17	5.0318111884e-23	2.5687093679e-11	1.1407964166e-11	4.9448626152e-02	2.1699482024e-29	3.0578472440e-26	6.5355203506e-27	1.6022984298e-38	1.9825273138e-32	4.6515657988e-08	4.4755372748e-09	1.4942518321e-54	4.3809497314e-61	4.3648112807e-47	3.3607840286e-24	5.7375518772e-28	1.0505103620e-21	4.6436877031e-23	1.5202249469e-36	7.0237969779e-35	9.7183973712e-31	6.1293938731e-51	1.0658515622e-70	4.6130425268e-32	7.6726894080e-48	6.7120860829e-40	4.4983448808e-60	1.4685948807e-53	3.3060123577e-63	8.5012004796e-22	4.8036041279e-23	2.0687249945e-29	2.7558563689e-29	3.8830197322e-43	4.8853417183e-16	1.3404035152e-29	6.5041370457e-35	7.5433578461e-01	7.1020268951e-14	2.0633067526e-19	3.4646213125e-02	9.7688947608e-24	2.2226368241e-31	6.4845914153e-03	1.7723343723e-25	3.9878492866e-16	5.5081984596e-22	9.7903805649e-21	6.2588720536e-34	2.8581859876e-53	7.1876518625e-37	2.0601243767e-54	4.2961751744e-04	3.6421862689e-25	2.4961345584e-56	3.4141078785e-70	7.9030786399e-86	4.2290004401e-31	7.6455489908e-23	1.9733374503e-28	4.0476995955e-28	1.1553779529e-52	1.9795687793e-61	2.7820279237e-80	1.2364710675e-76	8.9991086690e-57	1.1685202581e-67	7.1730886279e-49	6.5156804702e-39	1.1918491697e-78	5.5547325661e-30	1.2214555132e-29	1.0750274945e-49	2.8636597298e-62	3.0886966576e-32	5.1596507842e-64	6.4277068872e-31	1.2125640792e-54	1.9643063963e-60	3.9005439742e-38	1.8891083503e-26	1.2321055889e-111	1.8228912620e-82	8.7600489377e-52	7.4052416958e-48	2.4518031503e-45	7.8493852761e-65	1.7108346722e-36	9.1598375927e-71	1.8054633040e-77	2.5559203813e-43	3.1896770351e-70	4.7841860018e-50	6.2398747148e-59	2.4404618051e-55
7.3049309974e+02	9.2000000000e+02	1.1754378828e+22	5.7510217213e+21	3.6814339569e+00	1.6785896591e-26	1.8136462863e-39	7.1561213644e-12	1.5472818151e-01	1.0408452069e-27	4.5929870867e-27	1.4059846350e-38	2.1669914104e-33	7.3156251017e-12	1.8253436120e-14	5.4388511746e-18	3.1481177545e-23	1.6086072365e-11	9.0255601352e-12	4.9472018393e-02	2.1750617908e-29	1.0159103312e-26	2.1733425275e-27	4.5203776955e-39	5.5930731024e-33	1.8216102023e-08	1.7543242884e-09	5.8351876840e-55	1.7075855445e-61	1.0689141685e-47	1.3186015051e-24	2.2553628393e-28	6.5848161515e-22	2.9162392504e-23	1.5252405818e-36	1.4606327636e-35	2.0228894870e-31	1.4982285197e-51	2.6004015929e-71	1.1307672906e-32	1.1761276999e-48	7.4260222405e-41	4.3160762341e-61	5.7837343162e-54	1.9855019968e-64	5.7059732935e-22	3.2271942143e-23	1.3911343388e-29	1.8532025464e-29	2.6136313035e-43	3.8651033781e-16	1.0614759083e-29	5.1313377558e-35	7.5398350538e-01	6.0279712571e-14	1.4871144217e-19	3.4662615003e-02	9.7827149285e-24	2.2174243243e-31	6.9600259815e-03	2.2359667739e-25	4.5961912289e-16	8.7875669854e-22	5.2013740071e-21	3.3283040944e-34	1.5213384010e-53	3.8078540492e-37	1.0893560976e-54	1.9363497323e-04	1.6431317505e-25	1.1282232899e-56	1.5445882391e-70	3.5788228673e-86	1.6185692101e-31	4.7743980769e-23	1.2357668989e-28	2.5300356500e-28	7.2421529451e-53	1.2326940445e-61	1.7291368019e-80	3.3996821592e-77	5.0100362552e-57	4.0628425023e-68	5.0499485438e-49	2.2675764384e-39	2.7827063650e-79	2.6260092569e-30	6.8129603152e-30	3.7461955348e-50	1.5906903842e-62	3.4739736224e-32	2.8687517544e-64	7.2362862612e-31	6.7228296909e-55	1.3797895705e-60	5.5477364389e-38	1.6796093930e-26	8.6628251113e-112	6.7995058012e-83	6.6162229711e-52	2.7648033029e-48	1.8552653428e-45	2.4862451989e-65	1.0972443906e-36	2.9040527517e-71	7.9381982711e-78	2.2754516524e-43	1.4037455875e-70	4.2632103686e-50	2.7357971775e-59	2.1665417239e-55
1.1686857552e+03	9.2000000000e+02	1.8809593931e+22	9.2008222474e+21	3.6822656601e+00	1.4927804825e-26	7.0905792574e-40	5.6570281025e-12	1.5476313741e-01	5.3134408981e-28	2.8721621300e-27	8.7802770991e-39	1.0714664731e-33	2.9542291429e-12	7.3745024942e-15	2.6904438427e-18	1.9686324363e-23	1.0063731606e-11	7.1380585095e-12	4.9483207195e-02	2.1775118637e-29	3.2438132397e-27	6.9426297241e-28	1.1788173759e-39	1.4585532896e-33	7.1249190555e-09	6.8648289571e-10	2.2792566702e-55	6.6639258334e-62	2.6138623678e-48	5.1621273259e-25	8.8373546826e-29	4.1214305142e-22	1.8269144002e-23	1.5276454928e-36	2.9171063380e-36	4.0418364862e-32	3.6603888396e-52	6.3474438277e-72	2.7663586199e-33	1.7988921166e-49	7.5795762460e-42	4.1290534479e-62	2.2683225012e-54	1.1880712412e-65	3.6839329208e-22	2.0845026005e-23	8.9896290191e-30	1.1975553277e-29	1.6897108075e-43	3.0568006217e-16	8.3986890101e-30	4.0527565914e-35	7.5381496567e-01	4.9220432254e-14	9.9172206521e-20	3.4670459190e-02	9.7893313397e-24	2.2149350606e-31	7.1874921409e-03	2.8246835947e-25	4.9026198961e-16	1.4039944207e-21	2.6564592030e-21	1.7006049023e-34	7.7768122647e-54	1.9421344047e-37	5.5510883131e-55	8.0731839415e-05	6.8537584677e-26	4.7102308028e-57	6.4514184396e-71	1.4954711908e-86	5.5114219650e-32	2.9829201919e-23	7.7311775159e-29	1.5814119203e-28	4.5328582630e-53	7.6911667185e-62	1.0778927778e-80	9.3418825650e-78	2.7867822205e-57	1.4119468404e-68	3.5525597159e-49	7.8839825526e-40	6.2450340271e-80	1.1929706398e-30	3.7930515186e-30	1.3033569193e-50	8.8381884416e-63	3.9072409408e-32	1.5946520286e-64	8.1424439011e-31	3.7319772780e-55	9.6957795084e-61	7.8913584039e-38	1.4933644164e-26	6.0901026548e-112	2.4396864758e-83	4.8054368891e-52	9.9246744433e-49	1.3487128546e-45	7.2857114628e-66	6.5087479619e-37	8.5138867942e-72	3.4890133544e-78	2.0244841318e-43	6.1725476859e-71	3.7947125899e-50	1.2008216440e-59	1.9249867400e-55
1.8697320960e+03	9.2000000000e+02	3.0095601830e+22	1.4720015700e+22	3.6826216135e+00	1.3274317376e-26	2.7710450773e-40	4.4722568742e-12	1.5477809788e-01	2.6616971160e-28	1.7956054840e-27	5.4860451967e-39	5.2961526930e-34	1.1702819374e-12	2.9218818784e-15	1.3301157841e-18	1.2307407623e-23	6.2928096958e-12	5.6441960235e-12	4.9487995348e-02	2.1785611758e-29	1.0159729129e-27	2.1748729647e-28	2.9589472875e-40	3.6611118805e-34	2.7850013735e-09	2.6838534880e-10	8.9040563729e-56	2.6023015065e-62	6.3868703215e-49	2.0185586675e-25	3.4570221143e-29	2.5776094509e-22	1.1430218713e-23	1.5286758121e-36	5.7124453132e-37	7.9164803619e-33	8.9405738829e-53	1.5497792145e-72	6.7607903060e-34	2.7482358980e-50	7.4388575910e-43	3.9440544462e-63	8.8767059739e-55	7.0954245745e-67	2.3340735127e-22	1.3209575514e-23	5.6978602681e-30	7.5904165855e-30	1.0711887694e-43	2.4170694054e-16	6.6422789859e-30	3.2027402415e-35	7.5374283387e-01	3.9442848968e-14	6.3690878881e-20	3.4673815871e-02	9.7921639762e-24	2.2138705865e-31	7.2848442805e-03	3.5709278621e-25	5.0368099297e-16	2.2448983873e-21	1.3309738856e-21	8.5222332157e-35	3.8979405151e-54	9.7251174125e-38	2.7786029976e-55	3.2410970825e-05	2.7520707330e-26	1.8920830400e-57	2.5920108788e-71	6.0095681422e-87	1.7732716358e-32	1.8641308646e-23	4.8342735422e-29	9.8846973230e-29	2.8349233377e-53	4.8037033097e-62	6.7296473169e-81	2.5662466586e-78	1.5493972731e-57	4.9057156996e-69	2.4981653467e-49	2.7397648447e-40	1.3748749993e-80	5.3156199661e-31	2.1096757262e-30	4.5307137617e-51	4.9113827405e-63	4.3944697411e-32	8.8631899407e-65	9.1595611150e-31	2.0730620685e-55	6.8146458360e-61	1.1225561939e-37	1.3277918515e-26	4.2812314944e-112	8.5905093942e-84	3.4246290722e-52	3.4953025363e-49	9.6154002370e-46	2.0559913286e-66	3.7174276798e-37	2.4030388172e-72	1.5332279294e-78	1.8005874963e-43	2.7130147064e-71	3.3756883524e-50	5.2738987135e-60	1.7111054824e-55
2.9913071971e+03	9.2000000000e+02	4.8150599608e+22	2.3549945471e+22	3.6827660618e+00	1.1803457683e-26	1.0827572701e-40	3.5357169531e-12	1.5478416894e-01	1.3225446207e-28	1.1224402107e-27	3.4285453339e-39	2.6174620812e-34	4.5977328717e-13	1.1480209519e-15	6.5742054850e-19	7.6934098491e-24	3.9339678714e-12	4.4625876178e-12	4.9489938343e-02	2.1789871192e-29	3.1557528213e-28	6.7559849076e-29	7.3061975430e-41	9.0399740268e-35	1.0882955608e-09	1.0488519115e-10	3.4786246211e-56	1.0165047829e-62	1.5600724471e-49	7.8891581718e-26	1.3513233996e-29	1.6115257264e-22	7.1473083740e-24	1.5290941053e-36	1.1092056060e-37	1.5372909315e-33	2.1835051095e-53	3.7843456420e-73	1.6515360594e-34	4.1964284915e-51	7.1784826282e-44	3.7647649878e-64	3.4703782140e-55	4.2339186338e-68	1.4668935970e-22	8.3024615063e-24	3.5814898896e-30	4.7710893177e-30	6.7336706655e-44	1.9110576920e-16	5.2521330042e-30	2.5316555412e-35	7.5371356233e-01	3.1353407176e-14	4.0246400051e-20	3.4675177959e-02	9.7933136432e-24	2.2134387660e-31	7.3243505525e-03	4.5157380548e-25	5.0917858170e-16	3.5906802762e-21	6.6138624720e-22	4.2351906620e-35	1.9372634511e-54	4.8314634721e-38	1.3802014990e-55	1.2801977847e-05	1.0871226628e-26	7.4752720497e-58	1.0241358193e-71	2.3746408038e-87	5.5679282588e-33	1.1650936584e-23	3.0221599118e-29	6.1784813883e-29	1.7723988718e-53	3.0016416239e-62	4.2044298923e-81	7.0486708629e-79	8.6124951068e-58	1.7042903857e-69	1.7563851797e-49	9.5189365708e-41	3.0019633216e-81	2.3488401230e-31	1.1728696791e-30	1.5743524955e-51	2.7294544262e-63	4.9423774796e-32	4.9260186320e-65	1.0302390909e-30	1.1519046212e-55	4.7901348632e-61	1.5968712702e-37	1.1805945100e-26	3.0095881146e-112	3.0004882711e-84	2.4207164508e-52	1.2209326693e-49	6.7977564554e-46	5.7085738929e-67	2.0888451342e-37	6.6726917186e-73	6.7372138416e-79	1.6011986176e-43	1.1922290083e-71	3.0021144706e-50	2.3168804067e-60	1.5212688791e-55
4.7856689023e+03	9.2000000000e+02	7.7035355225e+22	3.7676585607e+22	3.6828233626e+00	1.0495316932e-26	4.2304638503e-41	2.7953315687e-12	1.5478657726e-01	6.5497718796e-29	7.0160882314e-28	2.1428972513e-39	1.2935247703e-34	1.8002613575e-13	4.4952629050e-16	3.2490102623e-19	4.8089547529e-24	2.4590994258e-12	3.5282231788e-12	4.9490709096e-02	2.1791561060e-29	9.7691624739e-29	2.0914933211e-29	1.7920215885e-41	2.2172721885e-35	4.2522343894e-10	4.0982454914e-11	1.3590565577e-56	3.9711150962e-63	3.8101332038e-50	3.0826762292e-26	5.2806023312e-30	1.0073861531e-22	4.4681543819e-24	1.5292600666e-36	2.1463716419e-38	2.9748316206e-34	5.3323996224e-54	9.2412848351e-74	4.0336379164e-35	6.4063952853e-52	6.8797865414e-45	3.5926117691e-65	1.3562129378e-55	2.5255352672e-69	9.1886545566e-23	5.2008417633e-24	2.2435923846e-30	2.9888063318e-30	4.2183786228e-44	1.5109256507e-16	4.1525844154e-30	2.0013983498e-35	7.5370195066e-01	2.4841368961e-14	2.5264766926e-20	3.4675718272e-02	9.7937697287e-24	2.2132674919e-31	7.3400222384e-03	5.7112688715e-25	5.1136773818e-16	5.7440481444e-21	3.2755517021e-22	2.0975664267e-35	9.5949982471e-55	2.3925863762e-38	6.8344646871e-56	5.0233146901e-06	4.2658474607e-27	2.9334635143e-58	4.0190619652e-72	9.3191978103e-88	1.7310292996e-33	7.2822527431e-24	1.8891338230e-29	3.8618918737e-29	1.1079501129e-53	1.8759591395e-62	2.6275121615e-81	1.9359590581e-79	4.7868940038e-58	5.9206583622e-70	1.2347585943e-49	3.3069551024e-41	6.5326861231e-82	1.0343696122e-31	6.5193079753e-31	5.4697227361e-52	1.5169237206e-63	5.5585266646e-32	2.7377727936e-65	1.1587113571e-30	6.4014373581e-56	3.3672325203e-61	2.2715963368e-37	1.0497286597e-26	2.1156600109e-112	1.0445754901e-84	1.7054056814e-52	4.2506277233e-50	4.7893469652e-46	1.5746099755e-67	1.1659703327e-37	1.8406020021e-73	2.9603578670e-79	1.4237868410e-43	5.2388627981e-72	2.6695648422e-50	1.0179515906e-60	1.3525875181e-55
7.6563941224e+03	9.2000000000e+02	1.2324643848e+23	6.0277214009e+22	3.6828458847e+00	9.3320123809e-27	1.6528469514e-41	2.2099945258e-12	1.5478752384e-01	3.2394551972e-29	4.3854957944e-28	1.3393964264e-39	6.3923258307e-35	7.0395865018e-14	1.7578101849e-16	1.6056117101e-19	3.0058987404e-24	1.5371103031e-12	2.7894540112e-12	4.9491012039e-02	2.1792225294e-29	3.0201563157e-29	6.4659726108e-30	4.3837195528e-42	5.4239856868e-36	1.6613729604e-10	1.6012280957e-11	5.3097198064e-57	1.5514435165e-63	9.3048868689e-51	1.2044490510e-26	2.0632628691e-30	6.2969495014e-23	2.7930131663e-24	1.5293253023e-36	4.1476614116e-39	5.7486524516e-35	1.3022160624e-54	2.2567431660e-74	9.8508371273e-36	9.7793717472e-53	6.5755540094e-46	3.4279446217e-66	5.2991908274e-56	1.5062714063e-70	5.7482709351e-23	3.2536005669e-24	1.4035886298e-30	1.8697935565e-30	2.6390446087e-44	1.1945552809e-16	3.2831212170e-30	1.5822708488e-35	7.5369738669e-01	1.9656234818e-14	1.5818581584e-20	3.4675930640e-02	9.7939489974e-24	2.2132001764e-31	7.3461819968e-03	7.2236866431e-25	5.1222948133e-16	9.1893303646e-21	1.6200766104e-22	1.0374617792e-35	4.7457687489e-55	1.1833217572e-38	3.3800968863e-56	1.9659099717e-06	1.6694901120e-27	1.1480737828e-58	1.5729651489e-72	3.6473565326e-88	5.3604974634e-34	4.5517544506e-24	1.1808416699e-29	2.4138955686e-29	6.9255527621e-54	1.1725208754e-62	1.6422201041e-81	5.3171564628e-80	2.6604790599e-58	2.0568033679e-70	8.6801572535e-50	1.1488315692e-41	1.4197193442e-82	4.5489296827e-32	3.6234152771e-31	1.9001926402e-52	8.4306338919e-64	6.2514238219e-32	1.5215953785e-65	1.3031661884e-30	3.5576515410e-56	2.3670590707e-61	3.2313939765e-37	9.3337858926e-27	1.4872608708e-112	3.6318194793e-85	1.1998719211e-52	1.4778922862e-50	3.3697219338e-46	4.3319641809e-68	6.4911571174e-38	5.0638057575e-74	1.3007879054e-79	1.2659892356e-43	2.3019961348e-72	2.3737271761e-50	4.4727387515e-61	1.2026369546e-55
1.2249148898e+04	9.2000000000e+02	1.9717736148e+23	9.6435026425e+22	3.6828547048e+00	8.2975607764e-27	6.4576198714e-42	1.7472291500e-12	1.5478789454e-01	1.6013772689e-29	2.7411899930e-28	8.3718870466e-40	3.1589230058e-35	2.7512534560e-14	6.8700120565e-17	7.9345579314e-20	1.8788615753e-24	9.6078794075e-13	2.2053622963e-12	4.9491130677e-02	2.1792485425e-29	9.3319536134e-30	1.9979245435e-30	1.0712460329e-42	1.3254550342e-36	6.4909616749e-11	6.2560063423e-12	2.0744706586e-57	6.0613242666e-64	2.2723352259e-51	4.7058110297e-27	8.0612939018e-31	3.9359972947e-23	1.7458290139e-24	1.5293508504e-36	8.0106528991e-40	1.1102805777e-35	3.1800958398e-55	5.5110601829e-75	2.4056725562e-36	1.4927728490e-53	6.2780362831e-47	3.2706798658e-67	2.0704459308e-56	8.9831559720e-72	3.5941749476e-23	2.0343622556e-24	8.7761890004e-31	1.1691218705e-30	1.6501177231e-44	9.4442395178e-17	2.5956715048e-30	1.2509367534e-35	7.5369559937e-01	1.5545425583e-14	9.8940280529e-21	3.4676013807e-02	9.7940192028e-24	2.2131738150e-31	7.3485942612e-03	9.1367980723e-25	5.1256715346e-16	1.4701420337e-20	8.0086498329e-23	5.1285894025e-36	2.3460348992e-55	5.8495221309e-39	1.6708695504e-56	7.6857919023e-07	6.5269595107e-28	4.4884977315e-59	6.1496780824e-73	1.4259804504e-88	1.6574231673e-34	2.8450841839e-24	7.3809825850e-30	1.5088179594e-29	4.3289146590e-54	7.3287627864e-63	1.0264488271e-81	1.4603686696e-80	1.4786195670e-58	7.1452288522e-71	6.1018917458e-50	3.9910006743e-42	3.0838190092e-83	1.9994435252e-32	2.0138116925e-31	6.6010907581e-53	4.6855667625e-64	7.0306322272e-32	8.4567433831e-66	1.4656062626e-30	1.9772480937e-56	1.6639922439e-61	4.5966945903e-37	8.2993180651e-27	1.0455177819e-112	1.2620866323e-85	8.4374913460e-53	5.1358196788e-51	2.3696088213e-46	1.1905649269e-68	3.6099724347e-38	1.3917054796e-74	5.7157096696e-80	1.1256599650e-43	1.0115103524e-72	2.1106201536e-50	1.9653096564e-61	1.0693147009e-55
1.9596907671e+04	9.2000000000e+02	3.1545621650e+23	1.5428241790e+23	3.6828581539e+00	7.3777126072e-27	2.5229603418e-42	1.3813662754e-12	1.5478803951e-01	7.9145743053e-30	1.7133982348e-28	5.2328719483e-40	1.5610528373e-35	1.0750401820e-14	2.6844319892e-17	3.9210475383e-20	1.1743943737e-24	6.0054773134e-13	1.7435714039e-12	4.9491177071e-02	2.1792587151e-29	2.8828765970e-30	6.1721059609e-31	2.6167259529e-43	3.2376806827e-37	2.5359915508e-11	2.4442000451e-12	8.1048246589e-58	2.3681119283e-64	5.5491942584e-52	1.8385475254e-27	3.1495372747e-31	2.4602293113e-23	1.0912496666e-24	1.5293608413e-36	1.5468242620e-40	2.1439103157e-36	7.7659772826e-56	1.3458276316e-75	5.8748238748e-37	2.2786143842e-54	5.9914619618e-48	3.1205757166e-68	8.0892360878e-57	5.3572906319e-73	2.2468481846e-23	1.2717554747e-24	5.4863322382e-31	7.3086290739e-31	1.0315537811e-44	7.4666670374e-17	2.0521558119e-30	9.8899185464e-36	7.5369490042e-01	1.2291864022e-14	6.1859129259e-21	3.4676046330e-02	9.7940466571e-24	2.2131635063e-31	7.3495375888e-03	1.1556667519e-24	5.1269923226e-16	2.3520064152e-20	3.9581661142e-23	2.5347401965e-36	1.1595001250e-55	2.8910304739e-39	8.2579681890e-57	3.0035720664e-07	2.5507104643e-28	1.7540940501e-59	2.4032837935e-73	5.5727178767e-89	5.1215141174e-35	1.7783313253e-24	4.6135387016e-30	9.4309450010e-30	2.7058257268e-54	4.5808470564e-63	6.4157998891e-82	4.0109526056e-81	8.2176439515e-59	2.4822286350e-71	4.2893944442e-50	1.3864628886e-42	6.6971409333e-84	8.7864925931e-33	1.1192094017e-31	2.2931166902e-53	2.6041631458e-64	7.9069007426e-32	4.7001316269e-66	1.6482763551e-30	1.0989188007e-56	1.1697632435e-61	6.5388017636e-37	7.3795606607e-27	7.3498572826e-113	4.3850055151e-86	5.9319866617e-53	1.7843972868e-51	1.6659620476e-46	3.2707669106e-69	2.0068099472e-38	3.8233552993e-75	2.5115186870e-80	1.0008738025e-43	4.4446482372e-73	1.8766487437e-50	8.6356456030e-62	9.5076942878e-56
