#p(bar)         	T(K)            	n_<tot>(cm-3)   	n_g(cm-3)       	m(u)            	e-              	C               	H               	He              	N               	O               	Si              	C1H1            	C1H1N1          	C1H1N1O1        	C1H1O1          	C1H2            	C1H2O1          	C1H3            	C1H4            	C1H4O2          	C1N1            	C1N1O1          	C1N2_cnn        	C1N2_ncn        	C1O1            	C1O2            	C1Si1           	C1Si2           	C2              	C2H2O2          	C2H2O4          	C2H4O1          	C2H4O3          	C2H6O2          	C2N1            	C2N1O1          	C2Si1           	C2Si2           	C2O1            	C3              	C3N2O1          	C4              	C4H6O4          	C5              	H1N1            	H1N1O1          	H1N1O2_cis      	H1N1O2_trans    	H1N1O3          	H1O1            	H1O2            	H1Si1           	H2              	H2N1            	H2N2            	H2O1            	H2O2            	H2Si1           	H3N1            	H3Si1           	H4N2            	H4Si1           	N1O1            	N1O2            	N1O3            	N1Si1           	N1Si2           	N2              	N2O1            	N2O3            	N2O4            	N2O5            	N3              	O1Si1           	O2              	O2Si1           	O3              	Si2             	Si3             	C1+             	C1-             	C1H1+           	C1H1-           	C1H1O1+         	C1N1+           	C1N1-           	C1O2-           	C2-             	H1+             	H1-             	H1O1+           	H1O1-           	H1Si1+          	H2+             	H2-             	H3O1+           	He1+            	N1+             	N1-             	N1O1+           	N1O2-           	N2+             	N2-             	N2O1+           	O1+             	O1-             	O2+             	O2-             	Si1+            	Si1-            
1.3669879408e-06	9.2000000000e+02	2.0154216272e+13	1.0762014512e+13	2.3045636302e+00	2.1258359316e-25	3.6131154853e-31	1.7622699462e-07	1.4427240643e-01	1.3233104638e-23	6.1054839755e-27	1.2141857614e-12	1.9894349571e-29	1.5978947203e-12	9.9177872404e-24	1.2420902907e-22	1.3318853026e-23	1.6929312147e-20	1.7596784881e-16	4.4449010045e-11	1.2092634774e-55	4.8151386212e-23	2.5624478322e-32	5.0974421559e-40	6.3070762077e-34	9.0273054760e-09	2.1626488161e-18	1.8786125007e-29	8.8841927974e-19	7.9387093755e-40	1.2869276030e-42	1.3620838479e-63	5.4865251183e-40	1.5035703134e-58	6.7135482163e-72	2.5809065105e-32	8.8915367774e-37	1.7982010875e-26	5.0437522519e-29	2.0890736137e-33	3.2564121443e-41	2.8950955402e-51	4.4550420921e-54	2.1893974294e-107	7.6403077189e-58	3.3430943798e-22	4.7034598580e-32	5.0435327733e-47	6.7187528319e-47	2.3571300047e-69	2.3677142529e-20	1.6175277969e-42	2.0421068668e-13	8.5565735025e-01	1.6275463989e-18	9.5528015633e-29	9.7852697099e-11	6.8698034548e-41	4.0666797579e-14	8.6599696379e-12	1.8897302509e-12	6.2700509002e-34	3.4225233601e-13	1.6450046115e-25	2.6184571591e-47	2.9772941080e-75	7.8236429181e-16	3.6170267577e-16	5.8571124915e-05	1.2363618331e-34	5.2530935650e-83	1.7889830925e-105	1.0311151142e-129	1.1648103081e-36	1.0256439541e-05	4.0863434561e-37	1.3520043076e-19	5.9571623658e-70	1.7203348423e-18	3.8997805427e-20	2.8578129693e-61	2.3653961534e-56	1.5738697076e-56	1.0987357951e-52	2.1851143143e-36	5.5652801796e-68	2.9497379499e-34	1.9904246906e-46	6.5937317812e-50	1.6529001829e-50	2.0274727202e-35	7.4152769715e-61	1.0505523015e-42	1.1289279043e-25	6.6071951259e-53	1.4920645987e-45	9.2199657802e-32	3.4083142920e-104	3.6477005875e-71	1.9935149560e-55	3.6896019138e-45	3.4590932575e-66	3.1732914191e-58	7.8656913398e-45	9.2202763440e-73	4.4525934990e-70	7.1684663195e-51	1.9586324557e-71	3.3409412374e-66	9.9690710837e-26	4.4340989832e-37
2.1868582841e-06	9.2000000000e+02	3.2242117124e+13	1.7216684864e+13	2.3044029348e+00	1.4192106657e-25	2.2585301174e-31	1.3933021297e-07	1.4427296443e-01	1.0462478979e-23	3.8164900890e-27	7.5897798488e-13	1.5729054272e-29	1.5979008823e-12	9.9178254864e-24	9.8203288946e-23	1.3318904826e-23	1.6929377989e-20	2.2256857071e-16	7.1108485326e-11	1.9345513916e-55	3.8069892126e-23	2.0259460885e-32	5.0974616454e-40	6.3071003221e-34	5.6428977650e-09	1.3518547924e-18	1.1743059221e-29	5.5534391534e-19	4.9624248909e-40	1.2869326082e-42	1.3620891453e-63	8.7772143963e-40	2.4053765754e-58	1.7181817159e-71	2.0405400585e-32	7.0299086398e-37	1.1240413792e-26	3.1528099260e-29	1.3058635112e-33	2.0355576600e-41	2.8951066092e-51	2.7848118280e-54	5.6032704479e-107	4.7758963586e-58	3.3431072718e-22	4.7034779960e-32	5.0435522226e-47	6.7187787414e-47	2.3571390945e-69	1.8719840954e-20	1.2788647557e-42	1.6145493786e-13	8.5566067808e-01	2.0585616424e-18	1.5282347219e-28	9.7853077668e-11	6.8698301729e-41	4.0666955741e-14	1.3854016164e-11	2.3901784549e-12	1.6046784440e-33	5.4752727199e-13	1.3005886856e-25	2.0702286979e-47	2.3539356691e-75	6.1856005684e-16	2.8597269843e-16	5.8571348855e-05	1.2363665602e-34	5.2531136496e-83	1.7889899324e-105	1.0311190566e-129	1.4732812931e-36	6.4112198172e-06	2.5543412059e-37	8.4512727588e-20	3.7237754155e-70	1.0753678008e-18	2.4377221937e-20	1.6726488112e-61	1.5791413625e-56	1.1651143813e-56	9.2776763733e-53	1.6176104668e-36	4.1199012399e-68	2.4907455739e-34	1.3288099558e-46	4.4019833946e-50	1.2236195694e-50	1.7119889821e-35	5.4894288893e-61	8.8708170881e-43	8.3573000383e-26	6.1865103241e-53	1.5935378930e-45	1.0919097436e-31	3.1913044341e-104	2.7003431433e-71	1.6833151411e-55	2.7313621253e-45	2.9208429248e-66	2.9712455073e-58	8.4006258109e-45	8.6332142387e-73	2.6060576052e-70	4.7856768747e-51	1.1463676188e-71	2.2304164527e-66	5.8347957255e-26	2.9602098996e-37
3.4985349905e-06	9.2000000000e+02	5.1581050710e+13	2.7543245419e+13	2.3043024894e+00	9.5378699001e-26	1.4117581532e-31	1.1015723833e-07	1.4427331372e-01	8.2718436665e-24	2.3856051147e-27	4.7442066414e-13	1.2435703234e-29	1.5979047077e-12	9.9178492297e-24	7.7641473980e-23	1.3318937297e-23	1.6929419262e-20	2.8151284503e-16	1.1375988048e-10	3.0949096171e-55	3.0098812787e-23	1.6017532130e-32	5.0974736248e-40	6.3071151442e-34	3.5272529094e-09	8.4501508769e-19	7.3403314270e-30	3.4713342730e-19	3.1019040860e-40	1.2869357456e-42	1.3620924660e-63	1.4041852475e-39	3.8481392267e-58	4.3974755438e-71	1.6132914956e-32	5.5579853853e-37	7.0261386795e-27	1.9707530505e-29	8.1626693606e-34	1.2723829099e-41	2.8951134129e-51	1.7407254272e-54	1.4340884047e-106	2.9853091492e-58	3.3431152752e-22	4.7034892561e-32	5.0435642969e-47	6.7187948262e-47	2.3571447375e-69	1.4800278686e-20	1.0110959187e-42	1.2764948599e-13	8.5566276413e-01	2.6037437240e-18	2.4448809906e-28	9.7853316228e-11	6.8698469211e-41	4.0667054885e-14	2.2163756499e-11	3.0231848764e-12	4.1069774680e-33	8.7593817725e-13	1.0282712447e-25	1.6367639235e-47	1.8610682894e-75	4.8904586560e-16	2.2609569483e-16	5.8571486502e-05	1.2363694658e-34	5.2531259948e-83	1.7889941367e-105	1.0311214798e-129	1.8634596625e-36	4.0075143472e-06	1.5966632438e-37	5.2827071600e-20	2.3276511848e-70	6.7218907055e-19	1.5237672306e-20	9.7245401775e-62	1.0612691431e-56	8.5677382865e-57	7.8863685225e-53	1.1895195314e-36	3.0295938841e-68	2.1172258913e-34	8.9303278130e-47	2.9583729841e-50	8.9979596863e-51	1.4552540395e-35	4.0366843650e-61	7.5405230618e-43	6.1455905667e-26	5.7540905405e-53	1.7133005860e-45	1.2845499922e-31	2.9682411219e-104	1.9857133935e-71	1.4308801498e-55	2.0085233864e-45	2.4828245525e-66	2.7635635066e-58	9.0319759095e-45	8.0297759832e-73	1.5151244970e-70	3.2162359345e-51	6.6648168418e-72	1.4989615329e-66	3.3922665104e-26	1.9894225419e-37
5.5970324004e-06	9.2000000000e+02	8.2520612383e+13	4.4064283319e+13	2.3042397085e+00	6.4504944983e-26	8.8244715124e-32	8.7091861254e-08	1.4427353245e-01	6.5398354771e-24	1.4911693144e-27	2.9654595060e-13	9.8318418032e-30	1.5979070502e-12	9.9178637691e-24	6.1384440843e-23	1.3318957666e-23	1.6929445153e-20	3.5606969433e-16	1.8199608871e-10	4.9513188906e-55	2.3796543022e-23	1.2663685280e-32	5.0974807745e-40	6.3071239905e-34	2.2047786829e-09	5.2819327106e-19	4.5882182739e-30	2.1698256414e-19	1.9389060498e-40	1.2869377138e-42	1.3620945491e-63	2.2464529832e-39	6.1563556951e-58	1.1255080970e-70	1.2754908559e-32	4.3942211035e-37	4.3918259284e-27	1.2318578867e-29	5.1022367446e-34	7.9532791899e-42	2.8951174736e-51	1.0880746045e-54	3.6704652369e-106	1.8660260954e-58	3.3431201762e-22	4.7034961514e-32	5.0435716907e-47	6.7188046759e-47	2.3571481930e-69	1.1701308398e-20	7.9938664769e-43	1.0092147817e-13	8.5566407276e-01	3.2933281359e-18	3.9113852735e-28	9.7853465882e-11	6.8698574277e-41	4.0667117080e-14	3.5458166106e-11	3.8238557631e-12	1.0511566835e-32	1.4013492414e-12	8.1296565037e-26	1.2940484862e-47	1.4713866599e-75	3.8664651204e-16	1.7875442354e-16	5.8571568654e-05	1.2363711999e-34	5.2531333628e-83	1.7889966459e-105	1.0311229260e-129	2.3569844075e-36	2.5049755237e-06	9.9802570844e-38	3.3020598277e-20	1.4549440727e-70	4.2016497589e-19	9.5246062420e-21	5.6180326880e-62	7.1774000277e-57	6.2606223942e-57	6.7461316786e-53	8.6920636083e-37	2.2137863552e-68	1.8111103621e-34	6.0396116773e-47	2.0007579111e-50	6.5749940102e-51	1.2448486713e-35	2.9496882012e-61	6.4502896809e-43	4.4907092912e-26	5.3181935792e-53	1.8537341116e-45	1.5016703043e-31	2.7433841291e-104	1.4510014821e-71	1.2239987603e-55	1.4676692115e-45	2.1238495584e-66	2.5542114309e-58	9.7722955636e-45	7.4214851785e-73	8.7531325851e-71	2.1751515189e-51	3.8503783411e-72	1.0137528843e-66	1.9597702096e-26	1.3454533660e-37
8.9543317784e-06	9.2000000000e+02	1.3201954025e+14	7.0495609850e+13	2.3042004720e+00	4.3879717757e-26	5.5158613947e-32	6.8855732081e-08	1.4427366953e-01	5.1704615078e-24	9.3207658304e-28	1.8536026303e-13	7.7731564732e-30	1.5979084316e-12	9.9178723434e-24	4.8531177906e-23	1.3318970459e-23	1.6929461414e-20	4.5037400735e-16	2.9116438403e-10	7.9213115243e-55	1.8813792815e-23	1.0012040443e-32	5.0974846922e-40	6.3071288380e-34	1.3781282656e-09	3.3015471449e-19	2.8679310723e-30	1.3562803701e-19	1.2119407959e-40	1.2869389499e-42	1.3620958574e-63	3.5939623963e-39	9.8491760263e-58	2.8807170100e-70	1.0084162510e-32	3.4741166122e-37	2.7451732443e-27	7.6999028799e-30	3.1892256263e-34	4.9713102459e-42	2.8951196987e-51	6.8011650299e-55	9.3944874058e-106	1.1663861441e-58	3.3431230664e-22	4.7035002177e-32	5.0435760510e-47	6.7188104845e-47	2.3571502308e-69	9.2511762229e-21	6.3200340480e-43	7.9789571177e-14	8.5566489462e-01	4.1655587975e-18	6.2575842885e-28	9.7853559870e-11	6.8698640262e-41	4.0667156140e-14	5.6727340545e-11	4.8365959558e-12	2.6904154357e-32	2.2419327336e-12	6.4273904399e-26	1.0230881053e-47	1.1632934980e-75	3.0568672784e-16	1.4132509442e-16	5.8571613670e-05	1.2363721501e-34	5.2531374002e-83	1.7889980209e-105	1.0311237185e-129	2.9812259347e-36	1.5657705695e-06	6.2383016007e-38	2.0639994476e-20	9.0943348059e-71	2.6263009254e-19	5.9534905627e-21	3.2267307183e-62	4.8824518419e-57	4.5481403833e-57	5.8044826758e-53	6.3145040575e-37	1.6082442802e-68	1.5583090003e-34	4.1084672785e-47	1.3610226698e-50	4.7765212298e-51	1.0710882756e-35	2.1428534067e-61	5.5499353541e-43	3.2623555600e-26	4.8867304168e-53	2.0174093816e-45	1.7452864686e-31	2.5208143198e-104	1.0541057083e-71	1.0531485681e-55	1.0662142754e-45	1.8273949238e-66	2.3469887113e-58	1.0635137392e-44	6.8193814045e-73	5.0273829581e-71	1.4796545405e-51	2.2114741512e-72	6.8960899740e-67	1.1255987794e-26	9.1524942729e-38
1.4325536468e-05	9.2000000000e+02	2.1121083230e+14	1.1278199811e+14	2.3041759535e+00	3.0006653069e-26	3.4477489260e-32	5.4437901448e-08	1.4427375557e-01	4.0878082840e-24	5.8260456675e-28	1.1586144068e-13	6.1455206885e-30	1.5979091588e-12	9.9178768572e-24	3.8369143717e-23	1.3318978508e-23	1.6929471645e-20	5.6965585821e-16	4.6581823705e-10	1.2672880242e-54	1.4874335300e-23	7.9155993719e-33	5.0974862516e-40	6.3071307674e-34	8.6141400368e-10	2.0636678133e-19	1.7926313892e-30	8.4775773983e-20	7.5753672515e-41	1.2869397277e-42	1.3620966806e-63	5.7497871282e-39	1.5757166964e-57	7.3732135011e-70	7.9726196555e-33	2.7466644216e-37	1.7159002787e-27	4.8129077192e-30	1.9934600312e-34	3.1073713306e-42	2.8951205844e-51	4.2511418887e-55	2.4045250240e-105	7.2906229650e-59	3.3431245879e-22	4.7035023583e-32	5.0435783465e-47	6.7188135423e-47	2.3571513036e-69	7.3140551160e-21	4.9966702881e-43	6.3082283508e-14	8.5566541172e-01	5.2688089874e-18	1.0011169537e-27	9.7853619006e-11	6.8698681779e-41	4.0667180717e-14	9.0755007385e-11	6.1175715628e-12	6.8861333567e-32	3.5867475929e-12	5.0815463659e-26	8.0886165108e-48	9.1970915760e-76	2.4167837561e-16	1.1173275168e-16	5.8571631588e-05	1.2363725283e-34	5.2531390072e-83	1.7889985681e-105	1.0311240339e-129	3.7708038883e-36	9.7870185873e-07	3.8993180040e-38	1.2901252170e-20	5.6845125024e-71	1.6415978479e-19	3.7212937789e-21	1.8435442516e-62	3.3388099568e-57	3.2867274493e-57	5.0206071299e-53	4.5631955185e-37	1.1622024359e-68	1.3478644949e-34	2.8095292899e-47	9.3072009486e-51	3.4517675610e-51	9.2644146489e-36	1.5485395168e-61	4.8004355540e-43	2.3575511450e-26	4.4667042662e-53	2.2071189665e-45	2.0177833186e-31	2.3041442901e-104	7.6175257513e-72	9.1092431768e-56	7.7050286655e-46	1.5806112495e-66	2.1452587859e-58	1.1635222211e-44	6.2332374254e-73	2.8723199307e-71	1.0118451697e-51	1.2634926231e-72	4.7158138193e-67	6.4309399839e-27	6.2588306034e-38
2.2918705145e-05	9.2000000000e+02	3.3790571292e+14	1.8043424525e+14	2.3041606366e+00	2.0615262182e-26	2.1550455255e-32	4.3038969720e-08	1.4427380977e-01	3.2318478647e-24	3.6416206390e-28	7.2420203638e-14	4.8586898427e-30	1.5979093925e-12	9.9178783076e-24	3.0334902167e-23	1.3318983590e-23	1.6929478104e-20	7.2053056416e-16	7.4523973304e-10	2.0274719058e-54	1.1759746407e-23	6.2581244400e-33	5.0974857975e-40	6.3071302056e-34	5.3843433326e-10	1.2899135589e-19	1.1204998789e-30	5.2989836648e-20	4.7350493466e-41	1.2869402187e-42	1.3620972003e-63	9.1988022014e-39	2.5209117994e-57	1.8871901986e-69	6.3032050477e-33	2.1715307885e-37	1.0725384293e-27	3.0083499313e-30	1.2460295725e-34	1.9422895419e-42	2.8951203265e-51	2.6572133012e-55	6.1544346395e-105	4.5570674477e-59	3.3431250768e-22	4.7035030462e-32	5.0435790840e-47	6.7188145249e-47	2.3571516483e-69	5.7825409925e-21	3.9504010167e-43	4.9873276110e-14	8.5566573821e-01	6.6642639835e-18	1.6016371212e-27	9.7853656343e-11	6.8698707991e-41	4.0667196234e-14	1.4519444749e-10	7.7378249095e-12	1.7625201358e-31	5.7382614205e-12	4.0175036672e-26	6.3949129174e-48	7.2712805265e-76	1.9107249849e-16	8.8336641504e-17	5.8571626370e-05	1.2363724182e-34	5.2531385392e-83	1.7889984088e-105	1.0311239421e-129	4.7695068800e-36	6.1174612963e-07	2.4373027147e-38	8.0640401485e-21	3.5531541002e-71	1.0260950471e-19	2.3260271207e-21	1.0483924767e-62	2.2938393854e-57	2.3641427441e-57	4.3628192241e-53	3.2823061058e-37	8.3597190572e-69	1.1712702456e-34	1.9302113696e-47	6.3942615424e-51	2.4828560809e-51	8.0506132594e-36	1.1138643283e-61	4.1714940001e-43	1.6957863161e-26	4.0638425851e-53	2.4259195627e-45	2.3220088952e-31	2.0963285400e-104	5.4792842647e-72	7.9157701188e-56	5.5422250878e-46	1.3735230310e-66	1.9517723556e-58	1.2788662651e-44	5.6710456438e-73	1.6334398284e-71	6.9516095022e-52	7.1852691314e-73	3.2398727729e-67	3.6571669441e-27	4.2999608635e-38
3.6666561035e-05	9.2000000000e+02	5.4059962597e+14	2.8866828315e+14	2.3041510747e+00	1.4220353211e-26	1.3470271435e-32	3.4026859529e-08	1.4427384419e-01	2.5551167447e-24	2.2762219122e-28	4.5266783872e-14	3.8413084200e-30	1.5979091830e-12	9.9178770072e-24	2.3982949908e-23	1.3318986822e-23	1.6929482212e-20	9.1136556862e-16	1.1922746615e-09	3.2436587489e-54	9.2973203614e-24	4.9477076944e-33	5.0974832238e-40	6.3071270211e-34	3.3655236203e-10	8.0627000961e-20	7.0037673604e-31	3.3121689287e-20	2.9596776125e-41	1.2869405310e-42	1.3620975308e-63	1.4716739184e-38	4.0330904660e-57	4.8303232192e-69	4.9833486714e-33	1.7168242169e-37	6.7039807728e-28	1.8803913730e-30	7.7883999939e-35	1.2140424425e-42	2.8951188647e-51	1.6609108255e-55	1.5752470823e-104	2.8484287103e-59	3.3431246385e-22	4.7035024294e-32	5.0435784227e-47	6.7188136439e-47	2.3571513393e-69	4.5717105068e-21	3.1232099967e-43	3.9430101870e-14	8.5566594584e-01	8.4293141287e-18	2.5623834107e-27	9.7853680087e-11	6.8698724661e-41	4.0667206102e-14	2.3228981005e-10	9.7872145184e-12	4.5112228636e-31	9.1803796674e-12	3.1762605549e-26	5.0558534189e-48	5.7487144836e-76	1.5106297103e-16	6.9839435929e-17	5.8571596798e-05	1.2363717940e-34	5.2531358869e-83	1.7889975055e-105	1.0311234215e-129	6.0327204588e-36	3.8237644254e-07	1.5234540870e-38	5.0404879330e-21	2.2209252479e-71	6.4136829776e-20	1.4539004541e-21	5.9380270358e-63	1.5822843281e-57	1.6936827866e-57	3.8065263725e-53	2.3514592618e-37	5.9889391244e-69	1.0219239404e-34	1.3314546866e-47	4.4107446635e-51	1.7787295697e-51	7.0240984356e-36	7.9797755200e-62	3.6395965793e-43	1.2148691531e-26	3.6824372850e-53	2.6771834109e-45	2.6613528901e-31	1.8995810453e-104	3.9253830999e-72	6.9064462463e-56	3.9704741795e-46	1.1983878813e-66	1.7685906308e-58	1.4113233773e-44	5.1387950874e-73	9.2516973156e-72	4.7952018089e-52	4.0696898643e-73	2.2348556512e-67	2.0713956530e-27	2.9661016063e-38
5.8661188294e-05	9.2000000000e+02	8.6488125873e+14	4.6182745353e+14	2.3041451157e+00	9.8429667236e-27	8.4196816341e-33	2.6901813886e-08	1.4427386648e-01	2.0200875167e-24	1.4227674567e-28	2.8294300575e-14	3.0369586152e-30	1.5979084813e-12	9.9178726520e-24	1.8961046179e-23	1.3318988910e-23	1.6929484866e-20	1.1527444965e-15	1.9074674135e-09	5.1893859393e-54	7.3505059366e-24	3.9116813626e-33	5.0974779480e-40	6.3071204934e-34	2.1036426439e-10	5.0396436515e-20	4.3777507899e-31	2.0702929435e-20	1.8499659311e-41	1.2869407327e-42	1.3620977443e-63	2.3544659073e-38	6.4523627719e-57	1.2363395159e-68	3.9398592895e-33	1.3573294355e-37	4.1903672143e-28	1.1753509783e-30	4.8681905711e-35	7.5884520260e-43	2.8951158683e-51	1.0381632205e-55	4.0319045471e-104	1.7804290741e-59	3.3431231704e-22	4.7035003640e-32	5.0435762079e-47	6.7188106935e-47	2.3571503042e-69	3.6144183418e-21	2.4692262296e-43	3.1173645664e-14	8.5566607995e-01	1.0661846372e-17	4.0994388206e-27	9.7853695424e-11	6.8698735428e-41	4.0667212476e-14	3.7162995529e-10	1.2379398631e-11	1.1546631957e-30	1.4687282742e-11	2.5111667833e-26	3.9971818896e-48	4.5449611605e-76	1.1943110726e-16	5.5215392011e-17	5.8571536177e-05	1.2363705144e-34	5.2531304500e-83	1.7889956539e-105	1.0311223543e-129	7.6304977017e-36	2.3900690689e-07	9.5224498327e-39	3.1505900888e-21	1.3882039134e-71	4.0089146707e-20	9.0877002815e-22	3.3517003415e-63	1.0952169582e-57	1.2091925400e-57	3.3326127283e-53	1.6788072832e-37	4.2757570982e-69	8.9469357852e-35	9.2159906158e-48	3.0530052458e-51	1.2699110739e-51	6.1495961306e-36	5.6971028497e-62	3.1864657430e-43	8.6734701959e-27	3.3253634358e-53	2.9646573350e-45	3.0398110925e-31	1.7153849064e-104	2.8024971208e-72	6.0465880702e-56	2.8346895508e-46	1.0491876152e-66	1.5970943027e-58	1.5628683486e-44	4.6404974751e-73	5.2220909175e-72	3.3191167011e-52	2.2971234091e-73	1.5469102266e-67	1.1691926419e-27	2.0530600736e-38
9.3849484855e-05	9.2000000000e+02	1.3836860769e+15	7.3885766495e+14	2.3041414172e+00	6.8328200699e-27	5.2627729442e-33	2.1268706002e-08	1.4427388152e-01	1.5970895787e-24	8.8930940647e-29	1.7685523754e-14	2.4010343763e-30	1.5979071276e-12	9.9178642499e-24	1.4990696106e-23	1.3318990301e-23	1.6929486634e-20	1.4580541185e-15	3.0516748251e-09	8.3022746898e-54	5.8113405149e-24	3.0925915277e-33	5.0974687788e-40	6.3071091483e-34	1.3148945615e-10	3.1500597540e-20	2.7363396164e-31	1.2940491295e-20	1.1563323974e-41	1.2869408671e-42	1.3620978866e-63	3.7668084315e-38	1.0322856838e-56	3.1644625493e-68	3.1148691137e-33	1.0731102878e-37	2.6192143789e-28	7.3466023980e-31	3.0428919688e-35	4.7432078487e-43	2.8951106607e-51	6.4891020182e-56	1.0319827829e-103	1.1128679643e-59	3.3431203383e-22	4.7034963794e-32	5.0435719352e-47	6.7188050016e-47	2.3571483073e-69	2.8575768685e-21	1.9521823678e-43	2.4646037157e-14	8.5566616932e-01	1.3485672035e-17	6.5585028337e-27	9.7853705644e-11	6.8698742603e-41	4.0667216723e-14	5.9455416726e-10	1.5658138653e-11	2.9554029769e-30	2.3497550037e-11	1.9853388860e-26	3.1601885994e-48	3.5932651655e-76	9.4422729314e-17	4.3653518194e-17	5.8571430821e-05	1.2363682904e-34	5.2531210009e-83	1.7889924360e-105	1.0311204995e-129	9.6514421644e-36	1.4939271313e-07	5.9520648784e-39	1.9692953960e-21	8.6770525466e-72	2.5057963687e-20	5.6803220412e-22	1.8863798217e-63	7.6028098267e-58	8.6079544239e-58	2.9261686792e-53	1.1951030214e-37	3.0438070023e-69	7.8557637778e-35	6.3975839208e-48	2.1193443097e-51	9.0401952415e-52	5.3995939685e-36	4.0556321723e-62	2.7978457189e-43	6.1744373763e-27	2.9942231099e-53	3.2925285788e-45	3.4620407656e-31	1.5445665496e-104	1.9950292227e-72	5.3091436758e-56	2.0179462270e-46	9.2122825750e-67	1.4380526102e-58	1.7357078164e-44	4.1783878982e-73	2.9390595609e-72	2.3040743555e-52	1.2928504357e-73	1.0738387662e-67	6.5803657326e-28	1.4251993804e-38
1.5014578885e-04	9.2000000000e+02	2.2137005364e+15	1.1820668714e+15	2.3041391437e+00	4.7546883939e-27	3.2895263564e-33	1.6815138645e-08	1.4427389245e-01	1.2626645853e-24	5.5586793553e-29	1.1054437866e-14	1.8982690308e-30	1.5979048144e-12	9.9178498924e-24	1.1851714598e-23	1.3318991279e-23	1.6929487878e-20	1.8442267764e-15	4.8822451390e-09	1.3282457198e-53	4.5944660583e-24	2.4450136367e-33	5.0974536458e-40	6.3070904242e-34	8.2188237303e-11	1.9689628824e-20	1.7103647419e-31	8.0885281641e-21	7.2277218465e-42	1.2869409616e-42	1.3620979866e-63	6.0263570690e-38	1.6515100890e-56	8.0995815380e-68	2.4626263738e-33	8.4840473233e-38	1.6371549417e-28	4.5920358858e-31	1.9019770447e-35	2.9647692192e-43	2.8951020659e-51	4.0560503645e-56	2.6414054726e-103	6.9560449189e-60	3.3431154986e-22	4.7034895704e-32	5.0435646339e-47	6.7187952752e-47	2.3571448950e-69	2.2592136647e-21	1.5434045292e-43	1.9485272485e-14	8.5566623217e-01	1.7057391299e-17	1.0492638634e-26	9.7853712833e-11	6.8698747650e-41	4.0667219710e-14	9.5120055181e-10	1.9805272113e-11	7.5644613243e-30	3.7592733834e-11	1.5696158403e-26	2.4984561170e-48	2.8408479591e-76	7.4650938773e-17	3.4512623577e-17	5.8571256937e-05	1.2363646200e-34	5.2531054057e-83	1.7889871249e-105	1.0311174384e-129	1.2207617413e-35	9.3378770569e-08	3.7203722259e-39	1.2309193608e-21	5.4236413677e-72	1.5662623652e-20	3.5505178099e-22	1.0591184678e-63	5.2904937163e-58	6.1130226503e-58	2.5755031203e-53	8.4871404742e-38	2.1615858924e-69	6.9143359676e-35	4.4518248257e-48	1.4747676200e-51	6.4199826757e-52	4.7525186135e-36	2.8801466771e-62	2.4625580987e-43	4.3848368236e-27	2.6895576114e-53	3.6654974660e-45	3.9334127236e-31	1.3874052056e-104	1.4167872731e-72	4.6729005750e-56	1.4330619822e-46	8.1082907473e-67	1.2917252439e-58	1.9323183065e-44	3.7532209104e-73	1.6501513762e-72	1.6033139296e-52	7.2587808499e-74	7.4724179276e-68	3.6945830272e-28	9.9173970388e-39
2.4021192400e-04	9.2000000000e+02	3.5416065141e+15	1.8911390034e+15	2.3041377775e+00	3.3151999808e-27	2.0561366043e-33	1.3294125116e-08	1.4427390136e-01	9.9826593762e-25	3.4744832099e-29	6.9096373989e-15	1.5007801323e-30	1.5979010168e-12	9.9178263213e-24	9.3700194831e-24	1.3318992023e-23	1.6929488823e-20	2.3326794453e-15	7.8108992486e-09	2.1250046238e-53	3.6323969334e-24	1.9330342031e-33	5.0974291315e-40	6.3070600926e-34	5.1372211331e-11	1.2307111165e-20	1.0690729216e-31	5.0557791703e-21	4.5177274306e-42	1.2869410335e-42	1.3620980627e-63	9.6413159441e-38	2.6421817311e-56	2.0731248912e-67	1.9469588794e-33	6.7075100976e-38	1.0233127319e-28	2.8702773743e-31	1.1888412490e-35	1.8531453633e-43	2.8950881430e-51	2.5352566660e-56	6.7607979587e-103	4.3479142676e-60	3.3431075532e-22	4.7034783919e-32	5.0435526472e-47	6.7187793070e-47	2.3571392929e-69	1.7861446021e-21	1.2202226428e-43	1.5405145079e-14	8.5566627997e-01	2.1575074060e-17	1.6786650847e-26	9.7853718298e-11	6.8698751487e-41	4.0667221982e-14	1.5217821701e-09	2.5050797308e-11	1.9361490088e-29	6.0143038315e-11	1.2409424061e-26	1.9752859685e-48	2.2459818581e-76	5.9019228269e-17	2.7285770850e-17	5.8570975261e-05	1.2363586741e-34	5.2530801429e-83	1.7889785214e-105	1.0311124796e-129	1.5440753151e-35	5.8366915910e-08	2.3254391929e-39	7.6939294005e-22	3.3900769704e-72	9.7900093569e-21	2.2192707527e-22	5.9346356099e-64	3.6887895091e-58	4.3325764752e-58	2.2713834998e-53	6.0152214810e-38	1.5320102577e-69	6.0978650355e-35	3.1040287721e-48	1.0282797063e-51	4.5501329707e-52	4.1913334431e-36	2.0412906106e-62	2.1717752110e-43	3.1077327791e-27	2.4110809894e-53	4.0888579661e-45	4.4600649233e-31	1.2437533672e-104	1.0041389718e-72	4.1211068083e-56	1.0156735683e-46	7.1508331208e-67	1.1579744617e-58	2.1554882347e-44	3.3645962901e-73	9.2464133304e-73	1.1179084450e-52	4.0673655145e-74	5.2101331818e-68	2.0702126027e-28	6.9148915237e-39
3.8430502162e-04	9.2000000000e+02	5.6660687155e+15	3.0255542834e+15	2.3041370030e+00	2.3153051471e-27	1.2851992608e-33	1.0510394643e-08	1.4427390971e-01	7.8923043436e-25	2.1717444472e-29	4.3189060781e-15	1.1865234700e-30	1.5978948745e-12	9.9177881976e-24	7.4079792177e-24	1.3318992647e-23	1.6929489617e-20	2.9505015141e-15	1.2496332555e-08	3.3997064377e-53	2.8717780518e-24	1.5282595211e-33	5.0973897041e-40	6.3070113090e-34	3.2110477432e-11	7.6926261315e-21	6.6822978870e-32	3.1601420056e-21	2.8238298673e-42	1.2869410938e-42	1.3620981265e-63	1.5424740029e-37	4.2271165627e-56	5.3062599537e-67	1.5392683894e-33	5.3029667830e-38	6.3962713562e-29	1.7940823349e-31	7.4309162690e-36	1.1583184921e-43	2.8950657502e-51	1.5846758364e-56	1.7304578039e-102	2.7176872350e-60	3.3430947025e-22	4.7034603120e-32	5.0435332600e-47	6.7187534804e-47	2.3571302322e-69	1.4121338932e-21	9.6471346675e-44	1.2179376446e-14	8.5566632007e-01	2.7289236476e-17	2.6856054910e-26	9.7853722884e-11	6.8698754707e-41	4.0667223888e-14	2.4346264724e-09	3.1685628961e-11	4.9556252244e-29	9.6220343360e-11	9.8109078678e-27	1.5616638254e-48	1.7756763711e-76	4.6660683699e-17	2.1572168265e-17	5.8570522229e-05	1.2363491112e-34	5.2530395116e-83	1.7889646841e-105	1.0311045042e-129	1.9530087545e-35	3.6482555209e-08	1.4535282945e-39	4.8091320186e-22	2.1189858725e-72	6.1192980868e-21	1.3871671391e-22	3.3199577510e-64	2.5762166344e-58	3.0656706431e-58	2.0064564210e-53	4.2562867641e-38	1.0840248580e-69	5.3866081406e-35	2.1678251189e-48	7.1814108063e-52	3.2196105828e-52	3.7024693981e-36	1.4443887453e-62	1.9184661320e-43	2.1989883391e-27	2.1579024870e-53	4.5685885687e-45	5.0489603055e-31	1.1131515389e-104	7.1051195694e-73	3.6404196145e-56	7.1867364471e-47	6.3167576973e-67	1.0363718752e-58	2.4083649667e-44	3.0112693170e-73	5.1726346188e-73	7.8073696657e-53	2.2753682878e-74	3.6387090500e-68	1.1581196940e-28	4.8292965821e-39
6.1483363555e-04	9.2000000000e+02	9.0649086681e+15	4.8404585811e+15	2.3041366377e+00	1.6191585554e-27	8.0332060765e-34	8.3095643106e-09	1.4427391886e-01	6.2396517489e-25	1.3574603738e-29	2.6995551280e-15	9.3807068283e-31	1.5978850002e-12	9.9177269096e-24	5.8567810070e-24	1.3318993240e-23	1.6929490369e-20	3.7319571650e-15	1.9992364989e-08	5.4390495499e-53	2.2704262485e-24	1.2082411902e-33	5.0973264778e-40	6.3069330790e-34	2.0070824057e-11	4.8083167232e-21	4.1768057006e-32	1.9752635048e-21	1.7650498207e-42	1.2869411511e-42	1.3620981871e-63	2.4677402844e-37	6.7627887463e-56	1.3581623847e-66	1.2169447959e-33	4.1925228072e-38	3.9980233021e-29	1.1214006694e-31	4.6447335869e-36	7.2401311089e-44	2.8950298408e-51	9.9051002802e-57	4.4291887659e-102	1.6987048060e-60	3.3430740435e-22	4.7034312464e-32	5.0435020930e-47	6.7187119611e-47	2.3571156660e-69	1.1164392774e-21	7.6270671707e-44	9.6290686769e-15	8.5566635812e-01	3.4516717660e-17	4.2965355311e-26	9.7853727236e-11	6.8698757762e-41	4.0667225696e-14	3.8950338335e-09	4.0077732366e-11	1.2683999745e-28	1.5393894291e-10	7.7564987069e-27	1.2346506160e-48	1.4038488244e-76	3.6889912498e-17	1.7054945119e-17	5.8569795740e-05	1.2363337759e-34	5.2529743547e-83	1.7889424944e-105	1.0310917148e-129	2.4702271418e-35	2.2803614438e-08	9.0853556208e-40	3.0059734496e-22	1.3244833472e-72	3.8248996925e-21	8.6705617024e-23	1.8547624601e-64	1.8016213584e-58	2.1663170834e-58	1.7748091638e-53	3.0076507892e-38	7.6600758064e-70	4.7646895722e-35	1.5160215890e-48	5.0221642542e-52	2.2750967796e-52	3.2750158677e-36	1.0206588959e-62	1.6969774354e-43	1.5538870805e-27	1.9287197789e-53	5.1114576723e-45	5.7079487373e-31	9.9492791897e-105	5.0207109288e-73	3.2201097468e-56	5.0783840962e-47	5.5874473778e-67	9.2629118495e-59	2.6945088537e-44	2.6914202234e-73	2.8897983741e-73	5.4599150378e-53	1.2711811413e-74	2.5446524388e-68	6.4700730969e-29	3.3772640671e-39
9.8364688773e-04	9.2000000000e+02	1.4502573803e+16	7.7440493544e+15	2.3041365916e+00	1.1335740409e-27	5.0211975037e-34	6.5695778276e-09	1.4427393038e-01	4.9330467986e-25	8.4848771155e-30	1.6873710621e-15	7.4164277792e-31	1.5978691674e-12	9.9176286389e-24	4.6303966377e-24	1.3318993886e-23	1.6929491191e-20	4.7203856764e-15	3.1984960438e-08	8.7017111166e-53	1.7949910328e-24	9.5523124931e-34	5.0972252163e-40	6.3068077879e-34	1.2545373627e-11	3.0054635344e-21	2.6107342645e-32	1.2346487921e-21	1.1032536287e-42	1.2869412135e-42	1.3620982532e-63	3.9480359332e-37	1.0819506878e-55	3.4762817557e-66	9.6211228941e-34	3.3145938338e-38	2.4989853905e-29	7.0093735779e-32	2.9032150389e-36	4.5254818442e-44	2.8949723292e-51	6.1912347731e-57	1.1336721052e-101	1.0617843299e-60	3.3430409183e-22	4.7033846421e-32	5.0434521190e-47	6.7186453881e-47	2.3570923103e-69	8.8266176766e-22	6.0299926086e-44	7.6127837411e-15	8.5566639966e-01	4.3658217417e-17	6.8737131582e-26	9.7853731986e-11	6.8698761097e-41	4.0667227670e-14	6.2314419856e-09	5.0692530874e-11	3.2464659101e-28	2.4628056769e-10	6.1322606860e-27	9.7611044872e-49	1.1098779591e-76	2.9165035498e-17	1.3483579822e-17	5.8568632215e-05	1.2363092154e-34	5.2528700011e-83	1.7889069560e-105	1.0310712315e-129	3.1243864794e-35	1.4253518558e-08	5.6788490832e-40	1.8788994378e-22	8.2787524845e-73	2.3907735722e-21	5.4195799735e-23	1.0350577384e-64	1.2613163773e-58	1.5291113655e-58	1.5716396898e-53	2.1229731513e-38	5.4068688454e-70	4.2192145676e-35	1.0613677783e-48	3.5160207186e-52	1.6058943402e-52	2.9001117570e-36	7.2043983315e-63	1.5027176694e-43	1.0968229968e-27	1.7219757789e-53	5.7251504866e-45	6.4458290119e-31	8.8827928798e-105	3.5438716520e-73	2.8514625658e-56	3.5845802899e-47	4.9477807558e-67	8.2698338973e-59	3.0179573927e-44	2.4028727205e-73	1.6126637421e-73	3.8224903494e-53	7.0938780872e-75	1.7815129581e-68	3.6106506203e-29	2.3644249433e-39
1.5736960851e-03	9.2000000000e+02	2.3202073138e+16	1.2389385158e+16	2.3041368393e+00	7.9434665019e-28	3.1385255030e-34	5.1939367086e-09	1.4427394594e-01	3.9000260563e-25	5.3035163818e-30	1.0547000208e-15	5.8634599513e-31	1.5978438050e-12	9.9174712199e-24	3.6608116538e-24	1.3318994644e-23	1.6929492154e-20	5.9706050239e-15	5.1171424807e-08	1.3921510297e-52	1.4191050854e-24	7.5519793633e-34	5.0970631147e-40	6.3066072192e-34	7.8415507546e-12	1.8785805466e-21	1.6318529723e-32	7.7172362141e-22	6.8959439403e-43	1.2869412868e-42	1.3620983307e-63	6.3163005714e-37	1.7309684772e-55	8.8977116586e-66	7.6063802981e-34	2.6204905094e-38	1.5620037599e-29	4.3812452544e-32	1.8146695950e-36	2.8286758629e-44	2.8948802635e-51	3.8698633576e-57	2.9016887055e-101	6.6367379411e-61	3.3429878554e-22	4.7033099869e-32	5.0433720660e-47	6.7185387455e-47	2.3570548970e-69	6.9783621972e-22	4.7673382955e-44	6.0186998260e-15	8.5566644834e-01	5.5220449731e-17	1.0996621076e-25	9.7853737554e-11	6.8698765006e-41	4.0667229984e-14	9.9692693427e-09	6.4118718312e-11	8.3092221314e-28	3.9401416723e-10	4.8481146513e-27	7.7170485894e-49	8.7746034786e-77	2.3057636187e-17	1.0660006845e-17	5.8566769619e-05	1.2362698984e-34	5.2527029497e-83	1.7888500653e-105	1.0310384414e-129	3.9517080661e-35	8.9092355894e-09	3.5495940286e-40	1.1744158239e-22	5.1746771137e-73	1.4943654024e-21	3.3875365289e-23	5.7708676681e-65	8.8386148854e-59	1.0783419207e-58	1.3930092422e-53	1.4971381399e-38	3.8129076733e-70	3.7396047589e-35	7.4374845302e-49	2.4638348966e-52	1.1324899064e-52	2.5704889659e-36	5.0806010008e-63	1.3319208057e-43	7.7348860500e-28	1.5359788809e-53	6.4184291288e-45	7.2724010397e-31	7.9233303565e-105	2.4991276470e-73	2.5273289164e-56	2.5278352562e-47	4.3853528100e-67	7.3763439012e-59	3.3833046941e-44	2.1432613711e-73	8.9912559494e-74	2.6785920415e-53	3.9551254172e-75	1.2483867833e-68	2.0130845026e-29	1.6568596013e-39
2.5176916945e-03	9.2000000000e+02	3.7137276944e+16	1.9821268165e+16	2.3041395972e+00	5.5707462629e-28	1.9617514361e-34	4.1063506534e-09	1.4427410432e-01	3.0833002614e-25	3.3149900704e-30	6.5924564844e-16	4.6356788604e-31	1.5978047072e-12	9.9172285484e-24	2.8942548148e-24	1.3319008171e-23	1.6929509348e-20	7.5519628528e-15	8.1867225911e-08	2.2272497450e-52	1.1219225251e-24	5.9704780452e-34	5.0968085005e-40	6.3062921845e-34	4.9014014507e-12	1.1742163897e-21	1.0199980560e-32	4.8236980106e-22	4.3103450696e-43	1.2869425938e-42	1.3620997141e-63	1.0105210237e-36	2.7693109563e-55	2.2774194039e-65	6.0134865826e-34	2.0717192542e-38	9.7633844812e-30	2.7385197798e-32	1.1342685221e-36	1.7680783320e-44	2.8947356552e-51	2.4188779067e-57	7.4270356420e-101	4.1483270326e-61	3.3429060556e-22	4.7031949012e-32	5.0432486594e-47	6.7183743490e-47	2.3569972221e-69	5.5171257903e-22	3.7690799528e-44	4.7584122314e-15	8.5566731735e-01	6.9844204354e-17	1.7592181185e-25	9.7853836933e-11	6.8698834776e-41	4.0667271285e-14	1.5949050257e-08	8.1101023585e-11	2.1266837958e-27	6.3036835426e-10	3.8328444364e-27	6.1009792215e-49	6.9370657551e-77	1.8229010436e-17	8.4276364867e-18	5.8563844027e-05	1.2362081429e-34	5.2524405608e-83	1.7887607067e-105	1.0309869379e-129	4.9979643323e-35	5.5687633237e-09	2.2186919228e-40	7.3407462417e-23	3.2344584261e-73	9.3406074649e-22	2.1173970528e-23	3.2149516125e-65	6.1985130585e-59	7.5985526313e-59	1.2356582381e-53	1.0549606516e-38	2.6867026796e-70	3.3171033804e-35	5.2159015390e-49	1.7278853054e-52	7.9801072307e-53	2.2801326585e-36	3.5800531690e-63	1.1814702058e-43	5.4503991380e-28	1.3689913166e-53	7.2013543806e-45	8.1984986835e-31	7.0619274022e-105	1.7609691924e-73	2.2417907325e-56	1.7811975370e-47	3.8898946729e-67	6.5740721996e-59	3.7958094997e-44	1.9101542966e-73	5.0090306130e-74	1.8784943074e-53	2.2034012161e-75	8.7549258324e-69	1.1214898071e-29	1.1619542211e-39
4.0279519564e-03	9.2000000000e+02	5.9413739075e+16	3.1711236152e+16	2.3041403525e+00	3.9095536478e-28	1.2262026337e-34	3.2464981487e-09	1.4427411975e-01	2.4375708064e-25	2.0720512702e-30	4.1206481896e-16	3.6649872621e-31	1.5977395227e-12	9.9168239624e-24	2.2882100656e-24	1.3319007837e-23	1.6929508924e-20	9.5521403741e-15	1.3097601941e-07	3.5632855833e-52	8.8696051707e-25	4.7200926765e-34	5.0963927751e-40	6.3057778066e-34	3.0636457081e-12	7.3394987920e-22	6.3755493157e-33	3.0150767808e-22	2.6942029348e-43	1.2869425615e-42	1.3620996799e-63	1.6166911696e-36	4.4305070989e-55	5.8291664033e-65	4.7540940212e-34	1.6378432020e-38	6.1026527338e-30	1.7117256063e-32	7.0898026301e-37	1.1051462827e-44	2.8944995437e-51	1.5119318407e-57	1.9009861147e-100	2.5929327432e-61	3.3427696775e-22	4.7030030284e-32	5.0430429136e-47	6.7181002643e-47	2.3569010654e-69	4.3618629231e-22	2.9798505101e-44	3.7620207829e-15	8.5566729591e-01	8.8339211450e-17	2.8142714697e-25	9.7853834481e-11	6.8698833054e-41	4.0667270266e-14	2.5515191508e-08	1.0258106096e-10	5.4429073834e-27	1.0085004944e-09	3.0301394322e-27	4.8232632504e-49	5.4842498405e-77	1.4411344956e-17	6.6626533017e-18	5.8559067218e-05	1.2361073105e-34	5.2520121412e-83	1.7886148049e-105	1.0309028446e-129	6.3209285649e-35	3.4807836142e-09	1.3868045814e-40	4.5883704781e-23	2.0217145596e-73	5.8383938265e-22	1.3234897118e-23	1.7897697858e-65	4.3501208267e-59	5.3505012418e-59	1.0968646249e-53	7.4284782250e-39	1.8917576316e-70	2.9443942509e-35	3.6605233708e-49	1.2126311233e-52	5.6191719291e-53	2.0240198915e-36	2.5208852075e-63	1.0487631888e-43	3.8378844987e-28	1.2192847685e-53	8.0855525922e-45	9.2359090641e-31	6.2896685682e-105	1.2399313604e-73	1.9899035356e-56	1.2541745164e-47	3.4528268185e-67	5.8546846859e-59	4.2615198660e-44	1.7011299493e-73	2.7885370382e-74	1.3183286270e-53	1.2266377221e-75	6.1442131106e-69	6.2433554645e-30	8.1546029008e-40
6.4441566818e-03	9.2000000000e+02	9.5010640557e+16	5.0733518312e+16	2.3041394292e+00	2.7456608770e-28	7.6644401138e-35	2.5666936534e-09	1.4427400534e-01	1.9270269500e-25	1.2951458786e-30	2.5756314994e-16	2.8975527213e-31	1.5976337020e-12	9.9161671564e-24	1.8090674888e-24	1.3318994458e-23	1.6929491918e-20	1.2082058838e-14	2.0954279101e-07	5.7007443778e-52	7.0118858311e-25	3.7314796231e-34	5.0957228327e-40	6.3049488854e-34	1.9149468787e-12	4.5875899637e-22	3.9850685834e-33	1.8845886309e-22	1.6840248488e-43	1.2869412688e-42	1.3620983117e-63	2.5864733209e-36	7.0881740587e-55	1.4919997940e-64	3.7583594608e-34	1.2948005375e-38	3.8144932273e-30	1.0699225431e-32	4.4315161446e-37	6.9077714142e-45	2.8941190495e-51	9.4504046323e-58	4.8656543580e-100	1.6207254155e-61	3.3425482808e-22	4.7026915415e-32	5.0427089053e-47	6.7176553145e-47	2.3567449643e-69	3.4485052414e-22	2.3558810269e-44	2.9742677880e-15	8.5566643639e-01	1.1172887861e-16	4.5018421956e-25	9.7853736186e-11	6.8698764046e-41	4.0667229416e-14	4.0817973608e-08	1.2975002100e-10	1.3929534300e-26	1.6134557247e-09	2.3954833775e-27	3.8130413468e-49	4.3355857460e-77	1.1392920379e-17	5.2671751882e-18	5.8551369381e-05	1.2359448190e-34	5.2513217420e-83	1.7883796839e-105	1.0307673280e-129	7.9934846724e-35	2.1756809868e-09	8.6682905187e-41	2.8679836255e-23	1.2636826691e-73	3.6493168923e-22	8.2725377997e-24	9.9566636194e-66	3.0550691052e-59	3.7648858970e-59	9.7434651309e-54	5.2270566142e-39	1.3310504460e-70	2.6153392855e-35	2.5707681015e-49	8.5162505330e-53	3.9539363122e-53	1.7979399454e-36	1.7738235609e-63	9.3161793431e-44	2.7005315148e-28	1.0851835067e-53	9.0847043421e-45	1.0397247224e-30	5.5979097029e-105	8.7242211303e-74	1.7675190370e-56	8.8244367118e-48	3.0669512486e-67	5.2100859624e-59	4.7875018149e-44	1.5138361406e-73	1.5512903111e-74	9.2585590589e-54	6.8239051068e-76	4.3150515578e-69	3.4732394473e-30	5.7269387173e-40
1.0309747171e-02	9.2000000000e+02	1.5200372929e+17	8.1166516077e+16	2.3041413064e+00	1.9297608124e-28	4.7906948784e-35	2.0292382345e-09	1.4427402884e-01	1.5233562067e-25	8.0953711363e-31	1.6099107632e-16	2.2908167325e-31	1.5974667047e-12	9.9151306399e-24	1.4302559685e-24	1.3318992116e-23	1.6929488941e-20	1.5282056244e-14	3.3523896822e-07	9.1203885091e-52	5.5430464020e-25	2.9498148141e-34	5.0946584936e-40	6.3036319763e-34	1.1969466873e-12	2.8674950051e-22	2.4908861403e-33	1.1779711196e-22	1.0526077703e-43	1.2869410425e-42	1.3620980722e-63	4.1379932149e-36	1.1340080690e-54	3.8188480802e-64	2.9710639033e-34	1.0235676440e-38	2.3842671997e-30	6.6876019268e-33	2.7699403195e-37	4.3177354959e-45	2.8935145574e-51	5.9070205258e-58	1.2453885637e-99	1.0130421573e-61	3.3421988912e-22	4.7021999788e-32	5.0421818014e-47	6.7169531319e-47	2.3564986186e-69	2.7264019913e-22	1.8625689316e-44	2.3514679701e-15	8.5566628591e-01	1.4130611796e-16	7.2008107129e-25	9.7853718978e-11	6.8698751964e-41	4.0667222264e-14	6.5296197310e-08	1.6411500269e-10	3.5645898974e-26	2.5813020330e-09	1.8936810776e-27	3.0142911090e-49	3.4273736836e-77	9.0063483400e-18	4.1638151532e-18	5.8539139808e-05	1.2356866683e-34	5.2502249030e-83	1.7880061466e-105	1.0305520326e-129	1.0107436655e-34	1.3599197861e-09	5.4181563657e-41	1.7926468551e-23	7.8987088434e-74	2.2810229431e-22	5.1707892397e-24	5.5346912596e-66	2.1472253503e-59	2.6471119404e-59	8.6618557410e-54	3.6751721978e-39	9.3577121511e-71	2.3247712534e-35	1.8068391408e-49	5.9855631425e-53	2.7800343251e-53	1.5983529708e-36	1.2471850826e-63	8.2820023927e-44	1.8987585318e-28	9.6508284703e-54	1.0215255486e-44	1.1695551529e-30	4.9783731785e-105	6.1334076651e-74	1.5711450785e-56	6.2038624377e-48	2.7262084648e-67	4.6325024466e-59	5.3821617167e-44	1.3460141878e-73	8.6232831141e-75	6.5072874078e-54	3.7932594085e-76	3.0327916566e-69	1.9306977464e-30	4.0251226960e-40
1.6494156806e-02	9.2000000000e+02	2.4318481593e+17	1.2985509939e+17	2.3041443112e+00	1.3576134560e-28	2.9944454604e-35	1.6043234090e-09	1.4427406436e-01	1.2041701062e-25	5.0600482737e-31	1.0062819902e-16	1.8111283570e-31	1.5971995455e-12	9.9134724406e-24	1.1307657681e-24	1.3318988174e-23	1.6929483931e-20	1.9329590471e-14	5.3633525098e-07	1.4591340279e-51	4.3816218065e-25	2.3317453936e-34	5.0929560892e-40	6.3015255877e-34	7.4815693028e-13	1.7923406977e-22	1.5569396266e-33	7.3629616601e-23	6.5793723859e-44	1.2869406616e-42	1.3620976691e-63	6.6202077918e-36	1.8142535921e-54	9.7745372054e-64	2.3485421992e-34	8.0910134686e-39	1.4902969765e-30	4.1801157742e-33	1.7313637011e-37	2.6988200633e-45	2.8925476757e-51	3.6922098458e-58	3.1876357988e-99	6.3320657361e-62	3.3416399442e-22	4.7014135863e-32	5.0413385505e-47	6.7158297935e-47	2.3561045195e-69	2.1555037070e-22	1.4725540289e-44	1.8590794544e-15	8.5566603270e-01	1.7870196001e-16	1.1516439339e-24	9.7853690021e-11	6.8698731635e-41	4.0667210230e-14	1.0444730245e-07	2.0758173779e-10	9.1207043215e-26	4.1297206023e-09	1.4969014694e-27	2.3827120858e-49	2.7092422076e-77	7.1192642856e-18	3.2913784136e-18	5.8519578676e-05	1.2352737577e-34	5.2484705154e-83	1.7874086759e-105	1.0302076687e-129	1.2778043475e-34	8.5002400142e-10	3.3866430956e-41	1.1205020093e-23	4.9371236198e-74	1.4257636878e-22	3.2320251568e-24	3.0736650655e-66	1.5106027700e-59	1.8594154535e-59	7.7076961386e-54	2.5815576117e-39	6.5720567095e-71	2.0683372653e-35	1.2711363578e-49	4.2109265625e-53	1.9527843558e-53	1.4222840220e-36	8.7606239106e-64	7.3696861009e-44	1.3337482645e-28	8.5745179416e-54	1.1497511673e-44	1.3143372335e-30	4.4231615360e-105	4.3075809927e-74	1.3978398564e-56	4.3570623994e-48	2.4254939287e-67	4.1144875899e-59	6.0557278837e-44	1.1955004310e-73	4.7889001959e-75	4.5779668083e-54	2.1065689812e-76	2.1336109304e-69	1.0722040195e-30	2.8317295590e-40
2.6388366599e-02	9.2000000000e+02	3.8906217847e+17	2.0775017527e+17	2.3041491296e+00	9.5634449810e-29	1.8716904203e-35	1.2683836106e-09	1.4427412053e-01	9.5176677283e-26	3.1628039333e-31	6.2898068642e-17	1.4318843145e-31	1.5967722136e-12	9.9108200836e-24	8.9398730935e-25	1.3318981806e-23	1.6929475836e-20	2.4449137127e-14	8.5806130349e-07	2.3344101356e-51	3.4632001119e-25	1.8429935912e-34	5.0902336390e-40	6.2981570941e-34	4.6763855873e-13	1.1203099065e-22	9.7317150126e-34	4.6022493936e-23	4.1124637030e-44	1.2869400463e-42	1.3620970178e-63	1.0591405500e-35	2.9025517141e-54	2.5018447757e-63	1.8562696568e-34	6.3950746978e-39	9.3151623939e-31	2.6127985144e-33	1.0821959846e-37	1.6869085530e-45	2.8910014584e-51	2.3078309121e-58	8.1589233357e-99	3.9578836669e-62	3.3407458859e-22	4.7001557195e-32	5.0399897366e-47	6.7140329681e-47	2.3554741419e-69	1.7041486518e-22	1.1642062850e-44	1.4697946172e-15	8.5566562358e-01	2.2597177430e-16	1.8414850250e-24	9.7853643235e-11	6.8698698788e-41	4.0667190786e-14	1.6705643098e-07	2.6256088456e-10	2.3332459798e-25	6.6069747169e-09	1.1831393866e-27	1.8832772719e-49	2.1413641640e-77	5.6270116317e-18	2.6014801354e-18	5.8488296914e-05	1.2346134395e-34	5.2456649346e-83	1.7864532129e-105	1.0296569690e-129	1.6149431315e-34	5.3131098947e-10	2.1168351613e-41	7.0037437802e-24	3.0859693740e-74	8.9117944254e-23	2.0201905843e-24	1.7047218648e-66	1.0641148565e-59	1.3044111953e-59	6.8675828280e-54	1.8110060578e-39	4.6091769362e-71	1.8424031774e-35	8.9542738154e-50	2.9663056388e-53	1.3699110498e-53	1.2672597817e-36	6.1457249297e-64	6.5664147631e-44	9.3564682639e-29	7.6083220262e-54	1.2957591111e-44	1.4751190610e-30	3.9247531769e-105	3.0210334208e-74	1.2451473153e-56	3.0557361886e-48	2.1605459593e-67	3.6489080700e-59	6.8211053381e-44	1.0602222209e-73	2.6560287795e-75	3.2248600293e-54	1.1683492266e-76	1.5029808855e-69	5.9466779776e-31	1.9947570288e-40
4.2217776367e-02	9.2000000000e+02	6.2244664475e+17	3.3237185813e+17	2.3041568463e+00	6.7495022532e-29	1.1699065470e-35	1.0027877776e-09	1.4427421006e-01	7.5214809427e-26	1.9769214974e-31	3.9314654549e-17	1.1320519105e-31	1.5960887757e-12	9.9065781325e-24	7.0678897118e-25	1.3318971588e-23	1.6929462849e-20	3.0924626262e-14	1.3727785879e-06	3.7347311160e-51	2.7368462933e-25	1.4564535734e-34	5.0858811099e-40	6.2927717005e-34	2.9229909260e-13	7.0025356762e-23	6.0828420038e-34	2.8766518427e-23	2.5705096089e-44	1.2869390590e-42	1.3620959729e-63	1.6944773791e-35	4.6436785195e-54	6.4036126471e-63	1.4669451852e-34	5.0538045496e-39	5.8224743540e-31	1.6331387150e-33	6.7643032939e-38	1.0544080041e-45	2.8885294367e-51	1.4425176643e-58	2.0883223918e-98	2.4738888247e-62	3.3393160062e-22	4.6981439959e-32	5.0378325599e-47	6.7111592807e-47	2.3544659705e-69	1.3473048887e-22	9.2042488053e-45	1.1620239062e-15	8.5566496714e-01	2.8569953205e-16	2.9436026925e-24	9.7853568164e-11	6.8698646084e-41	4.0667159587e-14	2.6715283593e-07	3.3210158640e-10	5.9669725399e-25	1.0570239429e-08	9.3499380340e-28	1.4882883617e-49	1.6922454335e-77	4.4468310893e-18	2.0558590423e-18	5.8438285062e-05	1.2335577531e-34	5.2411795002e-83	1.7849256623e-105	1.0287765356e-129	2.0400527036e-34	3.3209776485e-10	1.3231351121e-41	4.3777141845e-24	1.9288957914e-74	5.5703478153e-23	1.2627270862e-24	9.4369239706e-67	7.5101029343e-60	9.1334046393e-60	6.1305938542e-54	1.2680549806e-39	3.2259376656e-71	1.6439845187e-35	6.3195732723e-50	2.0935015188e-53	9.5920304747e-54	1.1312648459e-36	4.3031977022e-64	5.8617453913e-44	6.5513398654e-29	6.7382686767e-54	1.4630668399e-44	1.6524478753e-30	3.4759409507e-105	2.1144047269e-74	1.1110504666e-56	2.1386930039e-48	1.9278647327e-67	3.2288746087e-59	7.6952630937e-44	9.3817781730e-74	1.4703126752e-75	2.2759790094e-54	6.4676960212e-77	1.0607446264e-69	3.2919357175e-31	1.4078208310e-40
6.7542779788e-02	9.2000000000e+02	9.9583213466e+17	5.3175039411e+17	2.3041691962e+00	4.7770096325e-29	7.3125289078e-36	7.9280608979e-10	1.4427435308e-01	5.9424342670e-26	1.2356795195e-31	2.4573719040e-17	8.9500258040e-32	1.5949959746e-12	9.8997953523e-24	5.5878882157e-25	1.3318955223e-23	1.6929442047e-20	3.9115190253e-14	2.1962562215e-06	5.9750541866e-51	2.1622775249e-25	1.1506882340e-34	5.0789253897e-40	6.2841653729e-34	1.8270224830e-13	4.3769517054e-23	3.8020949715e-34	1.7980581279e-23	1.6067031911e-44	1.2869374777e-42	1.3620942992e-63	2.7109298752e-35	7.4292445474e-54	1.6390439672e-62	1.1589772550e-34	3.9928175798e-39	3.6393515481e-31	1.0207972675e-33	4.2280439839e-38	6.5906024974e-46	2.8845789310e-51	9.0164912295e-59	5.3451893588e-98	1.5463101384e-62	3.3370296621e-22	4.6949272971e-32	5.0343832851e-47	6.7065643219e-47	2.3528539279e-69	1.0651820299e-22	7.2768981310e-45	9.1869850219e-16	8.5566391576e-01	3.6112170965e-16	4.7029229400e-24	9.7853447929e-11	6.8698561673e-41	4.0667109618e-14	4.2711554540e-07	4.2006058942e-10	1.5251963320e-24	1.6910923810e-08	7.3870282449e-28	1.1758396820e-49	1.3369783596e-77	3.5132710760e-18	1.6242555574e-18	5.8358361770e-05	1.2318706742e-34	5.2340113857e-83	1.7824845034e-105	1.0273695264e-129	2.5750852963e-34	2.0757850376e-10	8.2702877260e-42	2.7363007418e-24	1.2056609368e-74	3.4817592508e-23	7.8927059124e-25	5.2092947950e-67	5.3153303329e-60	6.3770922347e-60	5.4881811364e-54	8.8537669020e-40	2.2508629495e-71	1.4707088176e-35	4.4727242488e-50	1.4816910264e-53	6.6973122806e-54	1.0127218562e-36	3.0045628913e-64	5.2475047683e-44	4.5742524538e-29	5.9508615231e-54	1.6566531071e-44	1.8458687207e-30	3.0697631949e-105	1.4753029207e-74	9.9394592797e-57	1.4922498020e-48	1.7246681032e-67	2.8476647764e-59	8.7015585677e-44	8.2741395938e-74	8.1163016571e-76	1.6108408062e-54	3.5702454872e-77	7.5074977498e-70	1.8171878519e-31	9.9639549975e-41
1.0805967875e-01	9.2000000000e+02	1.5932046544e+18	8.5073159473e+17	2.3041889556e+00	3.3954635705e-29	4.5707014442e-36	6.2679306057e-10	1.4427458168e-01	4.6929568272e-26	7.7236237087e-32	1.5359820730e-17	7.0758967901e-32	1.5932491947e-12	9.8889534669e-24	4.4177884125e-25	1.3318929031e-23	1.6929408755e-20	4.9475083595e-14	3.5137110002e-06	9.5592733747e-51	1.7076293345e-25	9.0874041866e-35	5.0678169493e-40	6.2704208755e-34	1.1419817148e-13	2.7358168061e-23	2.3765021918e-34	1.1238775239e-23	1.0042709832e-44	1.2869349469e-42	1.3620916206e-63	4.3371187888e-35	1.1885780008e-53	4.1952468956e-62	9.1528656052e-35	3.1532735036e-39	2.2747792982e-31	6.3805006499e-34	2.6427419279e-38	4.1194608230e-46	2.8782698851e-51	5.6357643168e-59	1.3681383485e-97	9.6652226222e-63	3.3333750721e-22	4.6897855885e-32	5.0288698169e-47	6.6992195436e-47	2.3502771704e-69	8.4213367331e-23	5.7531208573e-45	7.2632369169e-16	8.5566223307e-01	4.5626762909e-16	7.5075950079e-24	9.7853255497e-11	6.8698426575e-41	4.0667029645e-14	6.8257972216e-07	5.3131616240e-10	3.8953152752e-24	2.7055176182e-08	5.8338053191e-28	9.2860343343e-50	1.0558605175e-77	2.7745581594e-18	1.2827337863e-18	5.8230722489e-05	1.2291763716e-34	5.2225637468e-83	1.7785859183e-105	1.0251225012e-129	3.2464417872e-34	1.2974709282e-10	5.1693492812e-42	1.7103267433e-24	7.5359923423e-75	2.1762761196e-23	4.9333414975e-25	2.8632976273e-67	3.7780979941e-60	4.4335560231e-60	4.9341612567e-54	6.1554185090e-40	1.5631603304e-71	1.3207985051e-35	3.1791797413e-50	1.0531751639e-53	4.6561831173e-54	9.1048980021e-37	2.0888670594e-64	4.7177806414e-44	3.1801648418e-29	5.2330066945e-54	1.8839025122e-44	2.0531193698e-30	2.6994660069e-105	1.0245559382e-74	8.9263236886e-57	1.0363250655e-48	1.5488715544e-67	2.4986777530e-59	9.8735614687e-44	7.2601272101e-74	4.4611388281e-76	1.1449738845e-54	1.9623914243e-77	5.3362745894e-70	9.9882035272e-32	7.0823064668e-41
1.7288219945e-01	9.2000000000e+02	2.5489380119e+18	1.3610659493e+18	2.3042205660e+00	2.4290785482e-29	2.8569079482e-36	4.9554168464e-10	1.4427494713e-01	3.7037578772e-26	4.8276358086e-32	9.6006257380e-18	5.5941937399e-32	1.5904585575e-12	9.8716325845e-24	3.4926971117e-25	1.3318887128e-23	1.6929355493e-20	6.2578880655e-14	5.6214701979e-06	1.5293565802e-50	1.3476888520e-25	7.1719272260e-35	5.0500954323e-40	6.2484940042e-34	7.1379342482e-14	1.7100169139e-23	1.4854280210e-34	7.0247743588e-24	6.2771760288e-45	1.2869308980e-42	1.3620873353e-63	6.9388131281e-35	1.9015666937e-53	1.0738080112e-61	7.2235904425e-35	2.4886147493e-39	1.4218463264e-31	3.9881193823e-34	1.6518406444e-38	2.5748608854e-46	2.8682049382e-51	3.5226234020e-59	3.5018628357e-97	6.0412283908e-63	3.3275365375e-22	4.6815712486e-32	5.0200615580e-47	6.6874856029e-47	2.3461605695e-69	6.6578966075e-23	4.5484090059e-45	5.7423045725e-16	8.5565954106e-01	5.7610404928e-16	1.1969189502e-23	9.7852947639e-11	6.8698210441e-41	4.0666901702e-14	1.0901274423e-06	6.7203869707e-10	9.9355465108e-24	4.3284682946e-08	4.6041340673e-28	7.3286893700e-50	8.3330229808e-78	2.1897264383e-18	1.0123543728e-18	5.8027096994e-05	1.2248780968e-34	5.2043010999e-83	1.7723664276e-105	1.0215377771e-129	4.0847823556e-34	8.1098165184e-11	3.2310916013e-42	1.0690363671e-24	4.7103571920e-75	1.3602771084e-23	3.0835754003e-25	1.5636904940e-67	2.7028111478e-60	3.0625213402e-60	4.4647633293e-54	4.2519143648e-40	1.0778801247e-71	1.1930583599e-35	2.2743513956e-50	7.5343031813e-54	3.2163031405e-54	8.2387284488e-37	1.4429049532e-64	4.2689674917e-44	2.1967293618e-29	4.5721538284e-54	2.1561856395e-44	2.2689575146e-30	2.3585759876e-105	7.0648446034e-75	8.0630202558e-57	7.1459988405e-49	1.3990734766e-67	2.1755036946e-59	1.1261120094e-43	6.3211166586e-74	2.4362959378e-76	8.1910214714e-55	1.0716918795e-77	3.8175141223e-70	5.4547102472e-32	5.0666067690e-41
2.7659216283e-01	9.2000000000e+02	4.0780319491e+18	2.1775531308e+18	2.3042711313e+00	1.7543488491e-29	1.7856924241e-36	3.9177282181e-10	1.4427553129e-01	2.9199863968e-26	3.0174835332e-32	6.0008110018e-18	4.4227420925e-32	1.5860040801e-12	9.8439846059e-24	2.7613091806e-25	1.3318820110e-23	1.6929270308e-20	7.9153351489e-14	8.9936324152e-06	2.4467746745e-50	1.0624974001e-25	5.6542383798e-35	5.0218722019e-40	6.2135733401e-34	4.4615211066e-14	1.0688353645e-23	9.2845748328e-35	4.3907912263e-24	3.9235095713e-45	1.2869244225e-42	1.3620804816e-63	1.1101212401e-34	3.0422631899e-53	2.7485223085e-61	5.6949688741e-35	1.9619860303e-39	8.8871614319e-32	2.4927490477e-34	1.0324726515e-38	1.6094006736e-46	2.8521755364e-51	2.2017937000e-59	8.9633789513e-97	3.7760319776e-63	3.3182169383e-22	4.6684593362e-32	5.0060016187e-47	6.6687556251e-47	2.3395895594e-69	5.2637003548e-23	3.5959498186e-45	4.5398377892e-16	8.5565523557e-01	7.2665216824e-16	1.9042248144e-23	9.7852455265e-11	6.8697864768e-41	4.0666697075e-14	1.7391883653e-06	8.5003302467e-10	2.5289057502e-23	6.9249949553e-08	3.6298292953e-28	5.7778272706e-50	6.5696286191e-78	1.7263470304e-18	7.9812479525e-19	5.7702803691e-05	1.2180326782e-34	5.1752160675e-83	1.7624612868e-105	1.0158287570e-129	5.1234537971e-34	5.0689900340e-11	2.0195735734e-42	6.6819448733e-25	2.9441792683e-75	8.5023268900e-24	1.9273694957e-25	8.4585752246e-68	1.9520462317e-60	2.0954111308e-60	4.0786509784e-54	2.9092070544e-40	7.3543571240e-72	1.0868357541e-35	1.6426005476e-50	5.4414856716e-54	2.2006303473e-54	7.5262439172e-37	9.8725160212e-65	3.8997875481e-44	1.5030266388e-29	3.9568962165e-54	2.4914257733e-44	2.4837271964e-30	2.0412097885e-105	4.8203310411e-75	7.3451383391e-57	4.8757024343e-49	1.2745085472e-67	1.8722416730e-59	1.2939325862e-43	5.4399622750e-74	1.3178818019e-76	5.9157860919e-55	5.7971743224e-78	2.7571160727e-70	2.9506527749e-32	3.6592459148e-41
4.4252135705e-01	9.2000000000e+02	6.5245084734e+18	3.4838795020e+18	2.3043520117e+00	1.2843241022e-29	1.1161235991e-36	3.0973149952e-10	1.4427646474e-01	2.2981939954e-26	1.8860384554e-32	3.7507281112e-18	3.4965736877e-32	1.5789035211e-12	9.7999129709e-24	2.1830621870e-25	1.3318712960e-23	1.6929134112e-20	1.0011778900e-13	1.4388731570e-05	3.9145455782e-50	8.3624538377e-26	4.4502045308e-35	4.9770469369e-40	6.1581109428e-34	2.7886151769e-14	6.6806150815e-24	5.8032015698e-35	2.7444063941e-24	2.4523381322e-45	1.2869140692e-42	1.3620695236e-63	1.7760606389e-34	4.8672556741e-53	7.0352172798e-61	4.4822617273e-35	1.5441936712e-39	5.5548035426e-32	1.5580600563e-34	6.4533347191e-39	1.0059347556e-46	2.8267169984e-51	1.3762022372e-59	2.2942989507e-96	2.3601591990e-63	3.3033612420e-22	4.6475585888e-32	4.9835896905e-47	6.6388995277e-47	2.3291151894e-69	4.1614265032e-23	2.8429203547e-45	3.5891483221e-16	8.5564835181e-01	9.1500465281e-16	3.0193619068e-23	9.7851668040e-11	6.8697312092e-41	4.0666369911e-14	2.7700575108e-06	1.0751714919e-09	6.4153516475e-23	1.1079160114e-07	2.8568803950e-28	4.5474759589e-50	5.1706682815e-78	1.3587324871e-18	6.2816923189e-19	5.7187748078e-05	1.2071605104e-34	5.1290220541e-83	1.7467295456e-105	1.0067614627e-129	6.3939483941e-34	3.1683056524e-11	1.2623079401e-42	4.1764618926e-25	1.8402205873e-75	5.3142677660e-24	1.2046769922e-25	4.5138779181e-68	1.4290544468e-60	1.4143838060e-60	3.7767710223e-54	1.9636887891e-40	4.9419407112e-72	1.0018964004e-35	1.2025153803e-50	3.9836040610e-54	1.4854058378e-54	6.9691915498e-37	6.6638601752e-65	3.6111461076e-44	1.0145295626e-29	3.3782993052e-54	2.9180820601e-44	2.6822100955e-30	1.7427593057e-105	3.2391397116e-75	6.7710945598e-57	3.2763478778e-49	1.1749020225e-67	1.5842180091e-59	1.5020029026e-43	4.6030842755e-74	7.0328127451e-77	4.3308300200e-55	3.0936341484e-78	2.0184301580e-70	1.5746016381e-32	2.6788615768e-41
7.0800485893e-01	9.2000000000e+02	1.0438889248e+19	5.5739764331e+18	2.3044813673e+00	9.5758823488e-30	6.9760613008e-37	2.4486774504e-10	1.4427795537e-01	1.8039352256e-26	1.1788228375e-32	2.3443021227e-18	2.7643236662e-32	1.5676101119e-12	9.7298172202e-24	1.7258868272e-25	1.3318541720e-23	1.6928916453e-20	1.2663503529e-13	2.3020425448e-05	6.2628525809e-50	6.5639911516e-26	3.4931257894e-35	4.9061660875e-40	6.0704099145e-34	1.7429566433e-14	4.1755572924e-24	3.6271511438e-35	1.7153250101e-24	1.5327747889e-45	1.2868975232e-42	1.3620520114e-63	2.8415063086e-34	7.7870864321e-53	1.8007970432e-60	3.5182886373e-35	1.2120932194e-39	3.4718959493e-32	9.7382785130e-35	4.0335011849e-39	6.2873525166e-47	2.7864601745e-51	8.6016200863e-60	5.8726924874e-96	1.4751605705e-63	3.2797333193e-22	4.6143160376e-32	4.9479436127e-47	6.5914135298e-47	2.3124557478e-69	3.2899434690e-23	2.2475579580e-45	2.8375113852e-16	8.5563735067e-01	1.1490898139e-15	4.7619200566e-23	9.7850409954e-11	6.8696428845e-41	4.0665847060e-14	4.4001518836e-06	1.3599419362e-09	1.6187650307e-22	1.7725466501e-07	2.2424682992e-28	3.5694776361e-50	4.0586437314e-78	1.0665180575e-18	4.9307265067e-19	5.6373306058e-05	1.1899686769e-34	5.0559768439e-83	1.7218534141e-105	9.9242362170e-130	7.9154551540e-34	1.9802730153e-11	7.8897512583e-43	2.6103967523e-25	1.1501854843e-75	3.3215548649e-24	7.5295429212e-26	2.3650571242e-68	1.0654987498e-60	9.3736192878e-61	3.5618287371e-54	1.3014056744e-40	3.2518133742e-72	9.3813046878e-36	8.9659189493e-51	2.9701633526e-54	9.8443072893e-55	6.5725633324e-37	4.4163746788e-65	3.4056298102e-44	6.7236444840e-30	2.8319551338e-54	3.4809524296e-44	2.8439977402e-30	1.4609512554e-105	2.1313646704e-75	6.3401466570e-57	2.1558477672e-49	1.1001251075e-67	1.3091194768e-59	1.7662307972e-43	3.8037613786e-74	3.6848590475e-77	3.2290539961e-55	1.6209170064e-78	1.5049355291e-70	8.2501629189e-33	1.9973512328e-41
1.1327927451e+00	9.2000000000e+02	1.6702276535e+19	8.9182439709e+18	2.3046882157e+00	7.3057306031e-30	4.3600961594e-37	1.9358424658e-10	1.4428033332e-01	1.4098773427e-26	7.3677404837e-33	1.4652082660e-18	2.1853818033e-32	1.5497123706e-12	9.6187298071e-24	1.3644283818e-25	1.3318268237e-23	1.6928568834e-20	1.6017606093e-13	3.6830679439e-05	1.0020019669e-49	5.1301301016e-26	2.7300752464e-35	4.7948745739e-40	5.9327086839e-34	1.0893623549e-14	2.6097579321e-24	2.2669995417e-35	1.0720923550e-24	9.5799695305e-46	1.2868710981e-42	1.3620240430e-63	4.5461630678e-34	1.2458661322e-52	4.6096341319e-60	2.7497414343e-35	9.4731936211e-40	2.1699637578e-32	6.0865048217e-35	2.5209716869e-39	3.9296474584e-47	2.7232520880e-51	5.3760838797e-60	1.5032767761e-95	9.2198758877e-64	3.2422878995e-22	4.5616334003e-32	4.8914518777e-47	6.5161579457e-47	2.2860539439e-69	2.6009192335e-23	1.7768441240e-45	2.2432415653e-16	8.5561978100e-01	1.4368772539e-15	7.4459893037e-23	9.7848400692e-11	6.8695018232e-41	4.0665012027e-14	6.9596277968e-06	1.7201412068e-09	4.0497612886e-22	2.8359205440e-07	1.7526157269e-28	2.7897485303e-50	3.1720594829e-78	8.3354414474e-19	3.8536414645e-19	5.5094533500e-05	1.1629754172e-34	4.9412870218e-83	1.6827948765e-105	9.6991147575e-130	9.6735417545e-34	1.2376870553e-11	4.9311599593e-43	1.6315196160e-25	7.1887546518e-76	2.0759993333e-24	4.7060267618e-26	1.2109559386e-68	8.1290125970e-61	6.0708103857e-61	3.4372453808e-54	8.4285342101e-41	2.0820297568e-72	8.9499932182e-36	6.8403710559e-51	2.2660275587e-54	6.3756507595e-55	6.3426724365e-37	2.8602583958e-65	3.2865098795e-44	4.3545582032e-30	2.3199486801e-54	4.2490147940e-44	2.9469577377e-30	1.1968612628e-105	1.3646430947e-75	6.0486543686e-57	1.3803188209e-49	1.0495461537e-67	1.0481301562e-59	2.1070824554e-43	3.0454340331e-74	1.8867205789e-77	2.4635430698e-55	8.2994150748e-79	1.1481608848e-70	4.2242462895e-33	1.5238397356e-41
1.8125259166e+00	9.2000000000e+02	2.6725192264e+19	1.4269643232e+19	2.3050188914e+00	5.7227352160e-30	2.7249736138e-37	1.5303684904e-10	1.4428412058e-01	1.0943249363e-26	4.6046916576e-33	9.1572610272e-19	1.7276402963e-32	1.5215135797e-12	9.4437060060e-24	1.0786405608e-25	1.3317831904e-23	1.6928014220e-20	2.0260172999e-13	5.8927096075e-05	1.6031489799e-49	3.9819274533e-26	2.1190420823e-35	4.6221171204e-40	5.7189555130e-34	6.8082986349e-15	1.6310469410e-24	1.4168297459e-35	6.7003645612e-25	5.9872909306e-46	1.2868289375e-42	1.3619794203e-63	7.2736151477e-34	1.9933184613e-52	1.1800252577e-59	2.1343066725e-35	7.3529460273e-40	1.3561843057e-32	3.8039447831e-35	1.5755572989e-39	2.4559517140e-47	2.6251343816e-51	3.3599457861e-60	3.8482545782e-95	5.7622395466e-64	3.1832907591e-22	4.4786292580e-32	4.8024463106e-47	6.3975889917e-47	2.2444565751e-69	2.0561408851e-23	1.4046733181e-45	1.7733809793e-16	8.5559174917e-01	1.7844491292e-15	1.1484329390e-22	9.7845194980e-11	6.8692767644e-41	4.0663679759e-14	1.0932771837e-05	2.1757532449e-09	9.9938354519e-22	4.5373195635e-07	1.3603531567e-28	2.1653595602e-50	2.4621033947e-78	6.4698404284e-19	2.9911367624e-19	5.3109499030e-05	1.1210738683e-34	4.7632543851e-83	1.6221644360e-105	9.3496594505e-130	1.1581049975e-33	7.7352985907e-12	3.0818771613e-43	1.0196673976e-25	4.4928290630e-76	1.2974584043e-24	2.9411733785e-26	6.0383851522e-69	6.3676296304e-61	3.8291193795e-61	3.4057307001e-54	5.3162364881e-41	1.2893716945e-72	8.7068574683e-36	5.3582091181e-51	1.7750279083e-54	4.0213952223e-55	6.2845190974e-37	1.8040871248e-65	3.2563772303e-44	2.7466058311e-30	1.8509316628e-54	5.3253453753e-44	2.9740323159e-30	9.5495178795e-106	8.4510424196e-76	5.8843364657e-57	8.5481199830e-50	1.0210341554e-67	8.0613011676e-60	2.5457689796e-43	2.3422817082e-74	9.4080595062e-78	1.9297460375e-55	4.1384713647e-79	8.9937900617e-71	2.1064041440e-33	1.1936562943e-41
2.9003423018e+00	9.2000000000e+02	4.2766527111e+19	2.2833797586e+19	2.3055473066e+00	4.6068516920e-30	1.7029318553e-37	1.2097682030e-10	1.4429013728e-01	8.4009782592e-27	2.8776337752e-33	5.7226944994e-19	1.3657131010e-32	1.4775105147e-12	9.1705884896e-24	8.5267375873e-26	1.3317136811e-23	1.6927130703e-20	2.5626639762e-13	9.4283291632e-05	2.5650366787e-49	3.0568695691e-26	1.6267587326e-35	4.3588618852e-40	5.3932292408e-34	4.2547452816e-15	1.0192986014e-24	8.8542674163e-36	4.1872934827e-25	3.7416686903e-46	1.2867617746e-42	1.3619083351e-63	1.1637776573e-33	3.1893074379e-52	3.0210183560e-59	1.6384771433e-35	5.6447530042e-40	8.4752727299e-33	2.3772188891e-35	9.8462117233e-40	1.5348106080e-47	2.4756184020e-51	2.0997482993e-60	9.8520329486e-95	3.6010261648e-64	3.0912281234e-22	4.3491046732e-32	4.6635567467e-47	6.2125669659e-47	2.1795455746e-69	1.6253953732e-23	1.1104051910e-45	1.4018714669e-16	8.5554709360e-01	2.1919472634e-15	1.7329265947e-22	9.7840088184e-11	6.8689182389e-41	4.0661557415e-14	1.6987418894e-05	2.7520616246e-09	2.4129542363e-21	7.2597065211e-07	1.0443239403e-28	1.6623160074e-50	1.8901220657e-78	4.9668052859e-19	2.2962535238e-19	5.0084618159e-05	1.0572224865e-34	4.4919605990e-83	1.5297731640e-105	8.8171444289e-130	1.3416174396e-33	4.8340601589e-12	1.9259734353e-43	6.3722602095e-26	2.8077269054e-76	8.1082739167e-25	1.8380426925e-26	2.9294775077e-69	5.1259973124e-61	2.3498462416e-61	3.4680237700e-54	3.2624572631e-41	7.6841544626e-73	8.6101478943e-36	4.3134050083e-51	1.4289129261e-54	2.4678416922e-55	6.3994671134e-37	1.1071285404e-65	3.3159385263e-44	1.6855315152e-30	1.4368191452e-54	6.8594725514e-44	2.9203075206e-30	7.4136818547e-106	5.0364930145e-76	5.8189774456e-57	5.0943474715e-50	1.0096932349e-67	5.9016261917e-60	3.0925502385e-43	1.7147692153e-74	4.5642498814e-78	1.5534623676e-55	2.0077485079e-79	7.2400793325e-71	1.0219062558e-33	9.6090371321e-42
4.6415635231e+00	9.2000000000e+02	6.8445940760e+19	3.6542073637e+19	2.3063912073e+00	3.8040099124e-30	1.0640994726e-37	9.5626140724e-11	1.4429966026e-01	6.3373807559e-27	1.7981274900e-33	3.5759012786e-19	1.0795280688e-32	1.4099380308e-12	8.7511806842e-24	6.7399606505e-26	1.3316031988e-23	1.6925726385e-20	3.2414933672e-13	1.5086125440e-04	4.1042759987e-49	2.3059869676e-26	1.2271653572e-35	3.9696117244e-40	4.9116091747e-34	2.6586338122e-15	6.3692220026e-25	5.5327059969e-36	2.6164856643e-25	2.3380311242e-46	1.2866550216e-42	1.3617953477e-63	1.8621428482e-33	5.1031621024e-52	7.7352677716e-59	1.2360052837e-35	4.2581885058e-40	5.2958861590e-33	1.4854366359e-35	6.1525355049e-40	9.5904668964e-48	2.2545435236e-51	1.3120554713e-60	2.5225968191e-94	2.2501487837e-64	2.9498538589e-22	4.1502026673e-32	4.4502735858e-47	5.9284413528e-47	2.0798662108e-69	1.2847939490e-23	8.7771990361e-46	1.1081094531e-16	8.5547611524e-01	2.6459951937e-15	2.5254228063e-22	9.7831971121e-11	6.8683483760e-41	4.0658184029e-14	2.5940351166e-05	3.4810609526e-09	5.6270662263e-21	1.1616145484e-06	7.8779854416e-29	1.2539884226e-50	1.4258367104e-78	3.7467703481e-19	1.7322069458e-19	4.5612018158e-05	9.6281159810e-35	4.0908246071e-83	1.3931630887e-105	8.0297657559e-130	1.4750223399e-33	3.0206263684e-12	1.2034699512e-43	3.9817909961e-26	1.7544452586e-76	5.0665621010e-25	1.1485252647e-26	1.3852325119e-69	4.2326833792e-61	1.4055990629e-61	3.6225048793e-54	1.9514923107e-41	4.3865549681e-73	8.5830768579e-36	3.5617025476e-51	1.1798944915e-54	1.4761799766e-55	6.6845276679e-37	6.6224709149e-66	3.4636450866e-44	1.0082283157e-30	1.0872104656e-54	9.0637337848e-44	2.7953076297e-30	5.6106109739e-106	2.8751183441e-76	5.8006820862e-57	2.9081449780e-50	1.0065186736e-67	4.0671872653e-60	3.7217237610e-43	1.1817569071e-74	2.1582508524e-78	1.2827385468e-55	9.4938380699e-80	5.9783416939e-71	4.8321851453e-34	7.9344582685e-42
7.4294954735e+00	9.2000000000e+02	1.0956904194e+20	5.8490887678e+19	2.3077378831e+00	3.2089779575e-30	6.6479417274e-38	7.5578899889e-11	1.4431465444e-01	4.6506513098e-27	1.1233768157e-33	2.2340376942e-19	8.5321380973e-33	1.3089497194e-12	8.1243680580e-24	5.3269828459e-26	1.3314281295e-23	1.6923501116e-20	4.1002184633e-13	2.4141182288e-04	6.5677615795e-49	1.6922355977e-26	9.0054841199e-36	3.4217715392e-40	4.2337653284e-34	1.6609765451e-15	3.9791596379e-25	3.4565478142e-36	1.6346445679e-25	1.4606806102e-46	1.2864858617e-42	1.3616163090e-63	2.9798459601e-33	8.1662032476e-52	1.9810438814e-58	9.0703554245e-36	3.1248477430e-40	3.3085950595e-33	9.2802378431e-36	3.8437851501e-40	5.9916264132e-48	1.9433973393e-51	8.1970422318e-61	6.4605067870e-94	1.4057762809e-64	2.7385674381e-22	3.8529399861e-32	4.1315180059e-47	5.5038104341e-47	1.9308935808e-69	1.0154473716e-23	6.9371308120e-46	8.7580333980e-17	8.5536364361e-01	3.1076417791e-15	3.4839747647e-22	9.7819108903e-11	6.8674453767e-41	4.0652838594e-14	3.8542218817e-05	4.4032514563e-09	1.2423983085e-20	1.8588436557e-06	5.7812154143e-29	9.2023236798e-51	1.0463422698e-78	2.7495463975e-19	1.2711703481e-19	3.9317171657e-05	8.2993540749e-35	3.5262560131e-83	1.2008947317e-105	6.9215897771e-130	1.4934840199e-33	1.8871307235e-12	7.5186562083e-44	2.4876165427e-26	1.0960864226e-76	3.1653252794e-25	7.1753902977e-27	6.4092547524e-70	3.5705973375e-61	8.2274505029e-62	3.8659215282e-54	1.1422749785e-41	2.3840065044e-73	8.5048585995e-36	3.0045728664e-51	9.9533268910e-55	8.6405846527e-56	7.1336989950e-37	3.8763579954e-66	3.6963870449e-44	5.9015040501e-31	8.0507511875e-55	1.2236864683e-43	2.6186131930e-30	4.1556136491e-106	1.5625703731e-76	5.7478200114e-57	1.5805197002e-50	9.9734618931e-68	2.5964324674e-60	4.3317883926e-43	7.5441621004e-75	9.9858900321e-79	1.0820896414e-55	4.3926507822e-80	5.0431957749e-71	2.2357766903e-34	6.6933321086e-42
1.1895487471e+01	9.2000000000e+02	1.7546132536e+20	9.3650722858e+19	2.3098849550e+00	2.7520418839e-30	4.1520663269e-38	5.9723330904e-11	1.4433811159e-01	3.2711621759e-27	7.0162092873e-34	1.3952999385e-19	6.7421953435e-33	1.1648704761e-12	7.2300993285e-24	4.2094441662e-26	1.3311517273e-23	1.6919987826e-20	5.1866053708e-13	3.8636797393e-04	1.0511385501e-48	1.1902799654e-26	6.3342523588e-36	2.7105069511e-40	3.3537161148e-34	1.0373864672e-15	2.4852406082e-25	2.1588359788e-36	1.0209404572e-25	9.1228879927e-47	1.2862187894e-42	1.3613336397e-63	4.7690996757e-33	1.3069614262e-51	5.0753901679e-58	6.3798813565e-36	2.1979467093e-40	2.0664299868e-33	5.7961042130e-36	2.4006905512e-40	3.7421552856e-48	1.5394341605e-51	5.1195790256e-61	1.6551674061e-93	8.7799752141e-65	2.4371267345e-22	3.4288376164e-32	3.6767518836e-47	4.8979927841e-47	1.7183554810e-69	8.0241839293e-24	5.4818019264e-46	6.9207004529e-17	8.5518607156e-01	3.4990649330e-15	4.4178123976e-22	9.7798801820e-11	6.8660197066e-41	4.0644399133e-14	5.4906547937e-05	5.5699294700e-09	2.5218884564e-20	2.9749895780e-06	4.0663752095e-29	6.4727048207e-51	7.3597331386e-79	1.9339682933e-19	8.9411226188e-20	3.1144530210e-05	6.5742135769e-35	2.7932728195e-83	9.5127143365e-106	5.4828374684e-130	1.3323284885e-33	1.1786342680e-12	4.6958834096e-44	1.5536762061e-26	6.8457632654e-77	1.9769488129e-25	4.4814918149e-27	2.9152337677e-70	3.0621691869e-61	4.7347549486e-62	4.1947657781e-54	6.5735942198e-42	1.2211935626e-73	8.2142255048e-36	2.5767426517e-51	8.5360425812e-55	4.9725064804e-56	7.7405079739e-37	2.2307767388e-66	4.0108102986e-44	3.3962131399e-31	5.8618541684e-55	1.6799301178e-43	2.4123278644e-30	3.0268752518e-106	8.0041764874e-77	5.5514020818e-57	8.0961208786e-51	9.6326428117e-68	1.4978396405e-60	4.7117037439e-43	4.3521043550e-75	4.5420575319e-79	9.2800762567e-56	1.9979864094e-80	4.3250798805e-71	1.0169375312e-34	5.7402483125e-42
1.9036129788e+01	9.2000000000e+02	2.8080949224e+20	1.4986752912e+20	2.3108098846e+00	2.3893558609e-30	1.8643091247e-38	4.7209069898e-11	1.4434940052e-01	2.1648106394e-27	4.3843591426e-34	8.7190900262e-20	3.8294183150e-33	7.0068588336e-13	4.3490058670e-24	2.3908714840e-26	9.5639407042e-24	1.2156522579e-20	4.7137913631e-13	4.4418726958e-04	1.2084396068e-48	5.6600076398e-27	3.0120574812e-36	1.3650000589e-40	1.6889175261e-34	4.6579435500e-16	1.1158917941e-25	9.6933365154e-37	4.5840997237e-26	2.9433102402e-47	6.6400938909e-43	7.0278736860e-64	3.9395937728e-33	1.0796371320e-51	6.7087274582e-58	2.1798697869e-36	7.5099164970e-41	6.6669069549e-34	1.8699925832e-36	7.7453292077e-41	8.6751213729e-49	4.0026109215e-52	8.5278207192e-62	1.1295689670e-93	1.0508655530e-65	2.0402049064e-22	2.8704011282e-32	3.0779389215e-47	4.1002828324e-47	1.4384960920e-69	6.3428186984e-24	4.3331603645e-46	5.4705560872e-17	8.5510585046e-01	3.7053182186e-15	4.9544452165e-22	9.7789627762e-11	6.8653756367e-41	4.0640586468e-14	7.3548782130e-05	7.0450939800e-09	4.5255285269e-20	4.7599279582e-06	2.6910718099e-29	4.2835480199e-51	4.8705712969e-79	1.2798739141e-19	5.9171133476e-20	2.1827996382e-05	4.6076119691e-35	1.9576968599e-83	6.6670934741e-106	3.8427086752e-130	9.8891201657e-34	7.3651678807e-13	2.9344106648e-44	9.7087675121e-27	4.2778491250e-77	1.2353755778e-25	2.8004394975e-27	9.4211695104e-71	1.9103152181e-61	1.9355606075e-62	3.3102546603e-54	2.6872752993e-42	4.1795563934e-74	5.4269613136e-36	1.6074848906e-51	3.8263305222e-55	2.8290105694e-56	8.5010602822e-37	1.2691569125e-66	4.4048969710e-44	1.9322092201e-31	4.2186360360e-55	2.3338486343e-43	2.1960954780e-30	2.1787443681e-106	3.8125213394e-77	5.1043768738e-57	3.8563159701e-51	8.8569767560e-68	7.5557085667e-61	4.5880936625e-43	2.1953773467e-75	2.0428383727e-79	8.0570738128e-56	8.9861550117e-81	3.7550863677e-71	4.5737840104e-35	4.9837526199e-42
3.0456018064e+01	9.2000000000e+02	4.4927810962e+20	2.3977395747e+20	2.3109377631e+00	2.0920095837e-30	7.2837080247e-39	3.7322830076e-11	1.4435237640e-01	1.3244919456e-27	2.7403854798e-34	5.4497514752e-20	1.8923915529e-33	3.3894203361e-13	2.1037399607e-24	1.1815018962e-26	5.9780377508e-24	7.5985572415e-21	3.7267968725e-13	4.4419642730e-04	1.2084645210e-48	2.1645892272e-27	1.1519184408e-36	5.1099307856e-41	6.3225284163e-35	1.8198216360e-16	4.3597008178e-26	3.7871097678e-37	1.7909714382e-26	7.1878616921e-48	2.5943290941e-43	2.7458372537e-64	2.4625749837e-33	6.7486333517e-52	6.7091166873e-58	5.2109642627e-37	1.7952405560e-41	1.6281261979e-34	4.5667112727e-37	1.8914878338e-41	1.3242448649e-49	5.8544197636e-53	8.1369166391e-63	4.4136316310e-94	6.2675531970e-67	1.5788714921e-22	2.2213428161e-32	2.3819519315e-47	3.1731222943e-47	1.1132217475e-69	5.0145437094e-24	3.4257359513e-46	4.3249450943e-17	8.5509149895e-01	3.6269543967e-15	4.7471776687e-22	9.7787986527e-11	6.8652604129e-41	4.0639904384e-14	9.1061679641e-05	8.9109311794e-09	6.9374032195e-20	7.6151816272e-06	1.6464733092e-29	2.6207949774e-51	2.9799523042e-79	7.8306280451e-20	3.6202561218e-20	1.3072755940e-05	2.7594922450e-35	1.1724618608e-83	3.9929127847e-106	2.3013927518e-130	5.7974205617e-34	4.6035004114e-13	1.8341144318e-44	6.0683362498e-27	2.6738128073e-77	7.7215510532e-26	1.7503775322e-27	2.6276173671e-71	1.0454829049e-61	6.8282225605e-63	2.2914843407e-54	9.4801029498e-43	1.1410675825e-74	2.9073177405e-36	8.7974903676e-52	1.3089511829e-55	1.5966377602e-56	9.4145489227e-37	7.1628712596e-67	4.8782289099e-44	1.0905007690e-31	3.0115319274e-55	3.2692090623e-43	1.9829429473e-30	1.5553850967e-106	1.6651922991e-77	4.3747117002e-57	1.6843204496e-51	7.5908814731e-68	3.2303619122e-61	3.8491324238e-43	9.3860996637e-76	9.1151169559e-80	7.0544015265e-56	4.0096101096e-81	3.2877801073e-71	2.0408161870e-35	4.3635435031e-42
4.8727629328e+01	9.2000000000e+02	7.1882831103e+20	3.8362258971e+20	2.3111069729e+00	1.8418139165e-30	2.8455707383e-39	2.9506663970e-11	1.4435492800e-01	7.4683550056e-28	1.7128112085e-34	3.4062344436e-20	9.3513769481e-34	1.5110115606e-13	9.3785222428e-25	5.8384690942e-27	3.7365510546e-24	4.7494509499e-21	2.9464270604e-13	4.4420427927e-04	1.2084858827e-48	7.6290444315e-28	4.0599097769e-37	1.6247534310e-41	2.0103109354e-35	7.1096084287e-17	1.7032309688e-26	1.4795333231e-37	6.9968975973e-27	1.7552362888e-48	1.0135760801e-43	1.0727686655e-64	1.5392748004e-33	4.2183492175e-52	6.7094581916e-58	1.1479732430e-37	3.9549074205e-42	3.9757946211e-35	1.1151657739e-37	4.6189092499e-42	2.0212647129e-50	7.2726777092e-54	7.7630750151e-64	1.7244723202e-94	3.7375840193e-68	1.1260822687e-22	1.5843054805e-32	1.6988550673e-47	2.2631333646e-47	7.9397169264e-70	3.9643954088e-24	2.7083165816e-46	3.4192128874e-17	8.5507820496e-01	3.2719988071e-15	3.8635302880e-22	9.7786466232e-11	6.8651536797e-41	4.0639272561e-14	1.0390929614e-04	1.1271041330e-08	9.0331907724e-20	1.2183411796e-05	9.2838972870e-30	1.4777762412e-51	1.6802927177e-79	4.4154221061e-20	2.0413380406e-20	6.6499836729e-06	1.4037268391e-35	5.9641993372e-84	2.0311558593e-106	1.1706960869e-130	2.6605169238e-34	2.8773058246e-13	1.1463685600e-44	3.7928657928e-27	1.6712015807e-77	4.8261674455e-26	1.0940308501e-27	7.2877713732e-72	5.7533134483e-62	2.3954548468e-63	1.5950184030e-54	3.3257789064e-43	2.8551029784e-75	1.4433491198e-36	4.8412766394e-52	4.5023947467e-56	8.9612315152e-57	1.0484055267e-36	4.0202072925e-67	5.4324027543e-44	6.1205052907e-32	2.1379447515e-55	4.6048997928e-43	1.7806022998e-30	1.1042346432e-106	6.6658537993e-78	3.4746359733e-57	6.7424248083e-52	6.0290944050e-68	1.1665956831e-61	2.7580397441e-43	3.3896460045e-76	4.0446024652e-80	6.2107243701e-56	1.7791630115e-81	2.8945752463e-71	9.0556053434e-36	3.8416818029e-42
7.7963218512e+01	9.2000000000e+02	1.1501280497e+21	6.1378836198e+20	2.3113466923e+00	1.6273794998e-30	1.1116293875e-39	2.3327037638e-11	1.4435707426e-01	3.9511855583e-28	1.0705205771e-34	2.1289235172e-20	4.6208317188e-34	6.3201782216e-14	3.9227980496e-25	2.8849851021e-27	2.3354440416e-24	2.9685334845e-21	2.3294221227e-13	4.4421088384e-04	1.2085038509e-48	2.5227703969e-28	1.3425298923e-37	4.5479113795e-42	5.6271405891e-36	2.7773864683e-17	6.6537147474e-27	5.7798342512e-38	2.7333556977e-27	4.2857943931e-49	3.9596792523e-44	4.1909235139e-65	9.6211664170e-34	2.6366597969e-52	6.7097591331e-58	2.3727088904e-38	8.1742706586e-43	9.7077746194e-36	2.7229218377e-38	1.1278080047e-42	3.0847789401e-51	7.9529653940e-55	7.4052503589e-65	6.7373006312e-95	2.2284456026e-69	7.5357511438e-23	1.0602184377e-32	1.1368751087e-47	1.5144905762e-47	5.3132646317e-70	3.1341259388e-24	2.1411096456e-46	2.7031218371e-17	8.5506527978e-01	2.7696412618e-15	2.7682904465e-22	9.7784988112e-11	6.8650499075e-41	4.0638658267e-14	1.1125479632e-04	1.4256451257e-08	1.0355627662e-19	1.9492622435e-05	4.9117109267e-30	7.8182787754e-52	8.8897063876e-80	2.3360100111e-20	1.0799841973e-20	2.9781049590e-06	6.2864001872e-36	2.6709857491e-84	9.0962559228e-107	5.2428035818e-131	1.0085615223e-34	1.7983389393e-13	7.1648943351e-45	2.3705711740e-27	1.0445142301e-77	3.0163928946e-26	6.8377795011e-28	2.0138531819e-72	3.1773586277e-62	8.3728827725e-64	1.1142120601e-54	1.1624663661e-43	6.6783902225e-76	6.7474013100e-37	2.6736718306e-52	1.5541641243e-56	5.0112908485e-57	1.1717267598e-36	2.2481762668e-67	6.0714022532e-44	3.4227027947e-32	1.5122804777e-55	6.5098530730e-43	1.5931503149e-30	7.8110651061e-107	2.4945986827e-78	2.5987790145e-57	2.5232542674e-52	4.5093310886e-68	3.6955766830e-62	1.7461337570e-43	1.0737821954e-76	1.7881493864e-80	5.4876366326e-56	7.8658144399e-82	2.5575723878e-71	4.0035517156e-36	3.3944114303e-42
1.2474522783e+02	9.2000000000e+02	1.8402936935e+21	9.8209348606e+20	2.3117108034e+00	1.4412179566e-30	4.3422422612e-40	1.8441174242e-11	1.4435929434e-01	2.0133871212e-28	6.6905348707e-35	1.3305336986e-20	2.2831652470e-34	2.5461299121e-14	1.5803278172e-25	1.4254788151e-27	1.4596536599e-24	1.8553348691e-21	1.8415847611e-13	4.4421771546e-04	1.2085224367e-48	8.0346284459e-29	4.2757473592e-38	1.1809570598e-42	1.4612007250e-36	1.0849015898e-17	2.5990713897e-27	2.2577165403e-38	1.0677023079e-27	1.0463417974e-49	1.5467800930e-44	1.6371116571e-65	6.0134349463e-34	1.6479688093e-52	6.7100869046e-58	4.7230303977e-39	1.6271414060e-43	2.3700741128e-36	6.6477919107e-39	2.7534513942e-43	4.7071116580e-52	8.0672892498e-56	7.0624991785e-66	2.6319859360e-95	1.3283389673e-70	4.8572400889e-23	6.8337388010e-33	7.3278366664e-48	9.7617930859e-48	3.4247152646e-70	2.4776811967e-24	1.6926528202e-46	2.1369511880e-17	8.5504981130e-01	2.2581339773e-15	1.8402290415e-22	9.7783219142e-11	6.8649257159e-41	4.0637923097e-14	1.1473821520e-04	1.8032948363e-08	1.1014454102e-19	3.1188087102e-05	2.5028375349e-30	3.9839237018e-52	4.5298860526e-80	1.1903496816e-20	5.5032248973e-21	1.2372968341e-06	2.6117759974e-36	1.1096997107e-84	3.7791712550e-107	2.1781986743e-131	3.4164127872e-35	1.1239250922e-13	4.4779125614e-45	1.4815585466e-27	6.5280005155e-78	1.8851839261e-26	4.2734724739e-28	5.5514550963e-73	1.7587142047e-62	2.9195586140e-64	7.8011755699e-55	4.0534291294e-44	1.5010144004e-76	3.0450863854e-37	1.4799162380e-52	5.3766792120e-57	2.7957838120e-57	1.3125937567e-36	1.2542506519e-67	6.8013166253e-44	1.9095154035e-32	1.0672090135e-55	9.2244044078e-43	1.4221226540e-30	5.5124153334e-107	8.9706837107e-79	1.8764811935e-57	9.0737304207e-53	3.2560194369e-68	1.0835304375e-62	1.0279841415e-43	3.1482926531e-77	7.8866871303e-81	4.8598869870e-56	3.4692413276e-82	2.2650028779e-71	1.7657786330e-36	3.0061130215e-42
1.9961338008e+02	9.2000000000e+02	2.9448402858e+21	1.5715150289e+21	2.3122835882e+00	1.2781972140e-30	1.6959540650e-40	1.4578071091e-11	1.4436223206e-01	1.0075846467e-28	4.1811440515e-35	8.3149601145e-21	1.1280142375e-34	1.0073438936e-14	6.2523658709e-26	7.0426807732e-28	9.1222980392e-25	1.1595159936e-21	1.4558725238e-13	4.4422675538e-04	1.2085470304e-48	2.5129612770e-29	1.3373098229e-38	2.9578358489e-43	3.6597366950e-37	4.2373113953e-18	1.0151220092e-27	8.8179869151e-39	4.1701359812e-28	2.5541085622e-50	6.0415552884e-45	6.3943805813e-66	3.7583497990e-34	1.0299676139e-52	6.7105347177e-58	9.2322271791e-40	3.1806145309e-44	5.7853242598e-37	1.6227185305e-39	6.7211438929e-44	7.1810181232e-53	7.8922180798e-57	6.7337296526e-67	1.0281205361e-95	7.9153827930e-72	3.0748294100e-23	4.3260330273e-33	4.6388169581e-48	6.1796098043e-48	2.1679832629e-70	1.9586503633e-24	1.3380716879e-46	1.6892973261e-17	8.5502755030e-01	1.8082495332e-15	1.1800502453e-22	9.7780673381e-11	6.8647469894e-41	4.0636865099e-14	1.1622349919e-04	2.2810385911e-08	1.1301757854e-19	4.9903594996e-05	1.2525264748e-30	1.9937250583e-52	2.2669478660e-80	5.9570166649e-21	2.7540480693e-21	4.9584749063e-07	1.0466708867e-36	4.4471286253e-85	1.5145052762e-107	8.7291449956e-132	1.0963886218e-35	7.0237922742e-14	2.7984007005e-45	9.2587660388e-28	4.0795707744e-78	1.1781159072e-26	2.6706390982e-28	1.5278226931e-73	9.7483074289e-63	1.0163903299e-64	5.4697968692e-55	1.4111263772e-44	3.3080414829e-77	1.3516166290e-37	8.2029692026e-53	1.8625751961e-57	1.5573318587e-57	1.4725692825e-36	6.9865362639e-68	7.6302434720e-44	1.0636549077e-32	7.5197649781e-56	1.3090641758e-42	1.2675614952e-30	3.8843366241e-107	3.1633401183e-79	1.3326999499e-57	3.1996775706e-53	2.3124649239e-68	3.0597181547e-63	5.8464810076e-44	8.8902792699e-78	3.4729217171e-81	4.3101697274e-56	1.5276887937e-82	2.0088012052e-71	7.7756488380e-37	2.6660820256e-42
3.1945214154e+02	9.2000000000e+02	4.7129328453e+21	2.5149809157e+21	2.3131958287e+00	1.1346231372e-30	6.6226261837e-41	1.1523467922e-11	1.4436665686e-01	5.0030494270e-29	2.6126364116e-35	5.1956993799e-21	5.5722427333e-35	3.9542362296e-15	2.4543089807e-26	3.4789921489e-28	5.7005792957e-25	7.2458856725e-22	1.1508994233e-13	4.4424037127e-04	1.2085840733e-48	7.7977868654e-30	4.1497085798e-39	7.2933833261e-44	9.0241189685e-38	1.6546515011e-18	3.9640068893e-28	3.4433851856e-39	1.6284197967e-28	6.2328664497e-51	2.3593686259e-45	2.4971551539e-66	2.3487826037e-34	6.4367878014e-53	6.7112177187e-58	1.7902940103e-40	6.1677805725e-45	1.4118097411e-37	3.9599678871e-40	1.6401805661e-44	1.0951328417e-53	7.6000889036e-58	6.4175427214e-68	4.0156223075e-96	4.7143012007e-73	1.9314059601e-23	2.7173299257e-33	2.9138002555e-48	3.8816251620e-48	1.3617847486e-70	1.5482463002e-24	1.0577000261e-46	1.3353319124e-17	8.5499294408e-01	1.4368458939e-15	7.4511230672e-23	9.7776715825e-11	6.8644691469e-41	4.0635220370e-14	1.1682749508e-04	2.8854552518e-08	1.1419992335e-19	7.9856970811e-05	6.2192808145e-31	9.8996198912e-53	1.1256277336e-80	2.9578903281e-21	1.3674919184e-21	1.9564591273e-07	4.1298359843e-37	1.7546978766e-85	5.9757641755e-108	3.4442476212e-132	3.4376098651e-36	4.3888981620e-14	1.7486131724e-45	5.7854474710e-28	2.5491671699e-78	7.3615940473e-27	1.6687798517e-28	4.1997089040e-74	5.4077337081e-63	3.5343214437e-65	3.8384560085e-55	4.9069477229e-45	7.2258108199e-78	5.9581168240e-38	4.5504794947e-53	6.4570211312e-58	8.6655149837e-58	1.6535936445e-36	3.8875422951e-68	8.5682366600e-44	5.9185314222e-33	5.2931812505e-56	1.8595732240e-42	1.1287059770e-30	2.7343886762e-107	1.1056793978e-79	9.4005996543e-58	1.1183803945e-53	1.6311666377e-68	8.4983411111e-64	3.2770806297e-44	2.4692674943e-78	1.5275974149e-81	3.8260279746e-56	6.7196834314e-83	1.7831617066e-71	3.4201925733e-37	2.3666131632e-42
5.1133166506e+02	9.2000000000e+02	7.5441291904e+21	4.0256088848e+21	2.3146542202e+00	1.0076992249e-30	2.5853140753e-41	9.1079530799e-12	1.4437362276e-01	2.4759155909e-29	1.6322327635e-35	3.2459896523e-21	2.7519945331e-35	1.5469564101e-15	9.6016241564e-27	1.7181892162e-28	3.5618120838e-25	4.5273439430e-22	9.0975375283e-14	4.4426180654e-04	1.2086423893e-48	2.4113061541e-30	1.2832125331e-39	1.7865203149e-44	2.2104654508e-38	6.4593617347e-19	1.5474530075e-28	1.3442148085e-39	6.3569594661e-29	1.5203754318e-51	9.2114450287e-46	9.7493910765e-67	1.4677217477e-34	4.0222596278e-53	6.7122972197e-58	3.4592767305e-41	1.1917628999e-45	3.4438101026e-38	9.6595008649e-41	4.0008722416e-45	1.6692053870e-54	7.2687125994e-59	6.1121175171e-69	1.5681319902e-96	2.8055641713e-74	1.2092304644e-23	1.7012881786e-33	1.8242959320e-48	2.4302396773e-48	8.5259735032e-71	1.2237075466e-24	8.3598811359e-47	1.0554236352e-17	8.5493793852e-01	1.1380993502e-15	4.6750864479e-23	9.7770425406e-11	6.8640275245e-41	4.0632606123e-14	1.1707105194e-04	3.6502354126e-08	1.1468395584e-19	1.2780676263e-04	3.0778057577e-31	4.8991367345e-53	5.5705211305e-81	1.4638046028e-21	6.7674617463e-22	7.6695475749e-08	1.6189437906e-37	6.8786199805e-86	2.3425691342e-108	1.3501851698e-132	1.0674645926e-36	2.7419442461e-14	1.0924381587e-45	3.6144321009e-28	1.5925806423e-78	4.5991225348e-27	1.0425626532e-28	1.1532569610e-74	3.0010590407e-63	1.2278559324e-65	2.6949473258e-55	1.7047189871e-45	1.5717787317e-78	2.6191850401e-38	2.5253199148e-53	2.2390892375e-58	4.8178779269e-58	1.8579865038e-36	2.1614069387e-68	9.6273157128e-44	3.2906021111e-33	3.7231681546e-56	2.6433916649e-42	1.0044103568e-30	1.9235568602e-107	3.8490547213e-80	6.6135215335e-58	3.8932690129e-54	1.1475603770e-68	2.3434568013e-64	1.8262585678e-44	6.8091191304e-79	6.7132969463e-82	3.3980317323e-56	2.9530836998e-83	1.5836894301e-71	1.5030641014e-37	2.1018734521e-42
8.1870752060e+02	9.2000000000e+02	1.2080027158e+22	6.4455156880e+21	2.3169868192e+00	8.9520842402e-31	1.0087516441e-41	7.1975586965e-12	1.4438460498e-01	1.2233304570e-29	1.0194266887e-35	2.0273140920e-21	1.3586545083e-35	6.0419007855e-16	3.7500772583e-27	8.4826677400e-29	2.2249640220e-25	2.8281046702e-22	7.1906204911e-14	4.4429560069e-04	1.2087343285e-48	7.4431598343e-31	3.9609885161e-40	4.3626160746e-45	5.3978743075e-39	2.5203482362e-19	6.0379347342e-29	5.2449290823e-40	2.4803923725e-29	3.7061144326e-52	3.5948170369e-46	3.8047534379e-67	9.1700942805e-35	2.5130444559e-53	6.7140148133e-58	6.6709445822e-42	2.2982215300e-46	8.3947386005e-39	2.3546299696e-41	9.7526505939e-46	2.5419956092e-55	6.9277244801e-60	5.8150539858e-70	6.1219221773e-97	1.6675516663e-75	7.5597521320e-24	1.0635951801e-33	1.1404959987e-48	1.5193141525e-48	5.3301871122e-71	9.6703472409e-25	6.6063949433e-47	8.3404838574e-18	8.5484926515e-01	9.0026252881e-16	2.9255847953e-23	9.7760284749e-11	6.8633155940e-41	4.0628391747e-14	1.1717340267e-04	4.6181320783e-08	1.1489648803e-19	2.0459255793e-04	1.5207196635e-31	2.4206250012e-53	2.7523507608e-81	7.2325436307e-22	3.3437497228e-22	2.9978627457e-08	6.3281063582e-38	2.6887060000e-86	9.1566036565e-109	5.2775861690e-133	3.3008783837e-37	1.7125076802e-14	6.8229277075e-46	2.2574283708e-28	9.9466157458e-79	2.8724262626e-27	6.5114254354e-29	3.1635718460e-75	1.6655773723e-63	4.2617655314e-66	1.8924790309e-55	5.9169096537e-46	3.4109634894e-79	1.1499805625e-38	1.4015438054e-53	7.7635206374e-59	2.6767073705e-58	2.0884607290e-36	1.2008303181e-68	1.0821537589e-43	1.8281864044e-33	2.6172684904e-56	3.7595494104e-42	8.9338227158e-31	1.3524422686e-107	1.3370348014e-80	4.6479350800e-58	1.3523933896e-54	8.0649712952e-69	6.4399074205e-65	1.0153682837e-44	1.8711715441e-79	2.9477485747e-82	3.0187049439e-56	1.2966726091e-83	1.4069000789e-71	6.5998198768e-38	1.8672385313e-42
1.3114801489e+03	9.2000000000e+02	1.9353267088e+22	1.0325013099e+22	2.3207269878e+00	7.9532649656e-31	3.9329188637e-42	5.6863416590e-12	1.4440237188e-01	6.0379664029e-30	6.3638957666e-36	1.2655756133e-21	6.7037906315e-36	2.3570285481e-16	1.4629566868e-27	4.1854664434e-29	1.3893609153e-25	1.7659872493e-22	5.6824958762e-14	4.4435027244e-04	1.2088830664e-48	2.2943935960e-31	1.2209957716e-40	1.0632549596e-45	1.3155676618e-39	9.8263285908e-20	2.3540687694e-29	2.0448918867e-40	9.6705487505e-30	9.0242938655e-53	1.4019500770e-46	1.4838236051e-67	5.7278404423e-35	1.5697022547e-53	6.7167743591e-58	1.2842855095e-42	4.4245197545e-47	2.0440973810e-39	5.7334637600e-42	2.3747454787e-46	3.8657420675e-56	6.5857975317e-61	5.5230058247e-71	2.3888760383e-97	9.8915584559e-77	4.7220995279e-24	6.6436071052e-34	7.1239579329e-49	9.4901956006e-49	3.3294311251e-71	7.6399374693e-25	5.2193000941e-47	6.5892954562e-18	8.5470836495e-01	7.1166798805e-16	1.8285245365e-23	9.7744171448e-11	6.8621843507e-41	4.0621695188e-14	1.1722438835e-04	5.8435321505e-08	1.1501545700e-19	3.2762693354e-04	7.5057840535e-32	1.1947427899e-53	1.3584719752e-81	3.5697513457e-22	1.6503675169e-22	1.1698723976e-08	2.4694516012e-38	1.0492284676e-86	3.5732315927e-109	2.0595013544e-133	1.0184415704e-37	1.0690538611e-14	4.2592960568e-46	1.4092272658e-28	6.2092965133e-79	1.7931472204e-27	4.0648369542e-29	8.6667087246e-76	9.2416555159e-64	1.4775654521e-66	1.3289135104e-55	2.0514083244e-46	7.3881110546e-80	5.0449319093e-39	7.7766336496e-54	2.6903411148e-59	1.4859164729e-58	2.3481632181e-36	6.6661509976e-69	1.2167208211e-43	1.0148783254e-33	1.8387490265e-56	5.3495646601e-42	7.9431394250e-31	9.5042519544e-108	4.6369817087e-81	3.2648346403e-58	4.6902469586e-55	5.6650528040e-69	1.7658432129e-65	5.6390322077e-45	5.1308122239e-80	1.2930141096e-82	2.6818961515e-56	5.6877848861e-84	1.2499266995e-71	2.8949756078e-38	1.6589033788e-42
2.1024512683e+03	9.2000000000e+02	3.1031600492e+22	1.6552165813e+22	2.3267251246e+00	7.0650279537e-31	1.5314466025e-42	4.4904868858e-12	1.4443085914e-01	2.9768378016e-30	3.9697105436e-36	7.8944863964e-22	3.3046997910e-36	9.1834340235e-17	5.6999590538e-28	2.0632670143e-29	8.6706438378e-26	1.1021071841e-22	4.4895219376e-14	4.4443793250e-04	1.2091215512e-48	7.0612809346e-32	3.7577659641e-41	2.5863165715e-46	3.2000550893e-40	3.8262923943e-20	9.1665522326e-30	7.9626426096e-41	3.7656329921e-30	2.1935684426e-53	5.4616002197e-47	5.7805562840e-68	3.5762483306e-35	9.8006310133e-54	6.7212014686e-58	2.4673356834e-43	8.5002714675e-48	4.9686630062e-40	1.3936542137e-42	5.7723815504e-47	5.8657280285e-57	6.2424463385e-62	5.2313724280e-72	9.3149804186e-98	5.8486542519e-78	2.9472998048e-24	4.1466093225e-34	4.4464204324e-49	5.9233083664e-49	2.0780654128e-71	6.0332356147e-25	4.1216655683e-47	5.2035467805e-18	8.5448242672e-01	5.6233007172e-16	1.1419402139e-23	9.7718333224e-11	6.8603703637e-41	4.0610957029e-14	1.1726179887e-04	7.3958027184e-08	1.1511931113e-19	5.2494545041e-04	3.7005011638e-32	5.8903201224e-54	6.6975376450e-82	1.7599585753e-22	8.1366408538e-23	4.5586019383e-09	9.6226279709e-39	4.0884928439e-87	1.3923689881e-109	8.0251888027e-134	3.1365917174e-38	6.6686107686e-15	2.6568902265e-46	8.7905656232e-29	3.8732736584e-79	1.1185405431e-27	2.5355893162e-29	2.3697821417e-76	5.1247100432e-64	5.1147645756e-67	9.3291255463e-56	7.1011883856e-47	1.5966742939e-80	2.2110752725e-39	4.3123218018e-54	9.3127503177e-60	8.2399054663e-59	2.6407142750e-36	3.6966044220e-69	1.3683086492e-43	5.6278408738e-34	1.2908476448e-56	7.6161637408e-42	7.0594264153e-31	6.6753026129e-108	1.6053406851e-81	2.2922306732e-58	1.6237813170e-55	3.9774166943e-69	4.8318413593e-66	3.1291789629e-45	1.4039338560e-80	5.6637802776e-83	2.3823764656e-56	2.4914162670e-84	1.1103323113e-71	1.2680840549e-38	1.4736336328e-42
3.3745900891e+03	9.2000000000e+02	4.9823795953e+22	2.6567452738e+22	2.3363586037e+00	6.2738823893e-31	5.9513866150e-43	3.5436731229e-12	1.4447660991e-01	1.4653704351e-30	2.4732257095e-36	4.9184560195e-22	1.6266856251e-36	3.5716103075e-17	2.2168213390e-28	1.0156101931e-29	5.4060277879e-26	6.8714874860e-23	3.5455395584e-14	4.4457871529e-04	1.2095045597e-48	2.1681390777e-32	1.1538075467e-41	6.2744067724e-47	7.7633370740e-41	1.4869434757e-20	3.5622330007e-30	3.0943791686e-41	1.4633704988e-30	5.3171497082e-54	2.1240181692e-47	2.2480602903e-68	2.2313957912e-35	6.1150917868e-54	6.7283174914e-58	4.7254511724e-44	1.6279753923e-48	1.2043902775e-40	3.3781795687e-43	1.3992094470e-47	8.8687214531e-58	5.8920794345e-63	4.9336248742e-73	3.6279750885e-98	3.4404704175e-79	1.8376884220e-24	2.5854770289e-34	2.7724140363e-49	3.6932772117e-49	1.2957069190e-71	4.7611351365e-25	3.2526173370e-47	4.1063851958e-18	8.5411956148e-01	4.4411371320e-16	7.1257992500e-24	9.7676836074e-11	6.8574570330e-41	4.0593711145e-14	1.1730451748e-04	9.3638869444e-08	1.1525214569e-19	8.4186088288e-04	1.8215990800e-32	2.8995536661e-54	3.2969124647e-82	8.6635263162e-23	4.0053216679e-23	1.7730103283e-09	3.7425989391e-39	1.5901673666e-87	5.4154423441e-110	3.1212952625e-134	9.6388434680e-39	4.1547058452e-15	1.6553068904e-46	5.4767350570e-29	2.4131431968e-79	6.9687781967e-28	1.5797334885e-29	6.4611102325e-77	2.8385933444e-64	1.7663618959e-67	6.5453086432e-56	2.4523647950e-47	3.4395561454e-81	9.6766437235e-40	2.3886088896e-54	3.2175346687e-60	4.5621007756e-59	2.9702924574e-36	2.0466596334e-69	1.5390823985e-43	3.1159067687e-34	9.0525919065e-57	1.0850990478e-41	6.2707961398e-31	4.6847986443e-108	5.5442382988e-82	1.6083040287e-58	5.6079252522e-56	2.7906856705e-69	1.3184834556e-66	1.7347127620e-45	3.8309692399e-81	2.4756755723e-83	2.1155966899e-56	1.0890144198e-84	9.8599671224e-72	5.5428787214e-39	1.3086153597e-42
5.4270978705e+03	9.2000000000e+02	8.0168688049e+22	4.2726423765e+22	2.3518669286e+00	5.5678285323e-31	2.3053692516e-43	2.7933913168e-12	1.4455026065e-01	7.1961887785e-31	1.5378611491e-36	3.0583146523e-22	7.9882327885e-37	1.3852013325e-17	8.5976453430e-29	4.9873992367e-30	3.3655039781e-26	4.2778208653e-23	2.7982010861e-14	4.4480535095e-04	1.2101211363e-48	6.6330186596e-33	3.5298598073e-42	1.5159975598e-47	1.8757470606e-41	5.7599245178e-21	1.3798905966e-30	1.1986595813e-41	5.6686106448e-31	1.2831285852e-54	8.2375681644e-48	8.7186400509e-69	1.3908071206e-35	3.8114767600e-54	6.7397885966e-58	9.0060908018e-45	3.1027077990e-49	2.9064210669e-41	8.1521849269e-44	3.3765564949e-48	1.3332796978e-58	5.5250007760e-64	4.6205676755e-74	1.4103990703e-98	2.0073171626e-80	1.1440677745e-24	1.6096096134e-34	1.7259887577e-49	2.2992795675e-49	8.0665281093e-72	3.7530870053e-25	2.5639591212e-47	3.2369635550e-18	8.5353541099e-01	3.5050870483e-16	4.4416052452e-24	9.7610032813e-11	6.8527670727e-41	4.0565948245e-14	1.1736648906e-04	1.1862706563e-07	1.1545291318e-19	1.3520498605e-03	8.9455679902e-33	1.4239222421e-54	1.6190584929e-82	4.2545126722e-23	1.9669463877e-23	6.8765109301e-10	1.4515438574e-39	6.1673658084e-88	2.1003458286e-110	1.2105750681e-134	2.9524567820e-39	2.5834118903e-15	1.0292761177e-46	3.4054546804e-29	1.5005016143e-79	4.3332127772e-28	9.8228428913e-30	1.7536114685e-77	1.5693565292e-64	6.0775797313e-68	4.5874708742e-56	8.4379325701e-48	7.3727647901e-82	4.2251773146e-40	1.3205762509e-54	1.1081808292e-60	2.5196887253e-59	3.3417460434e-36	1.1303882699e-69	1.7315542457e-43	1.7209429472e-34	6.3384010066e-57	1.5476343612e-41	5.5661409871e-31	3.2840983905e-108	1.9076597002e-82	1.1272477534e-58	1.9295730863e-56	1.9559698268e-69	3.5829063009e-67	9.6024167719e-46	1.0410448284e-81	1.0785766116e-83	1.8775104284e-56	4.7445048779e-85	8.7503403579e-72	2.4148638121e-39	1.1613456366e-42
8.7555249438e+03	9.2000000000e+02	1.2944244802e+23	6.8930444588e+22	2.3769257556e+00	4.9359527829e-31	8.8844366548e-44	2.1980331811e-12	1.4466926785e-01	3.5205626210e-31	9.5324072754e-37	1.8956913542e-22	3.9080230143e-37	5.3486399381e-18	3.3197852310e-29	2.4399477975e-30	2.0901310160e-26	2.6567212904e-23	2.2060701784e-14	4.4517155604e-04	1.2111174205e-48	2.0175517347e-33	1.0736702462e-42	3.6394522438e-48	4.5031021351e-42	2.2197608682e-21	5.3178251543e-31	4.6193967033e-42	2.1845703095e-31	3.0744222462e-55	3.1807267251e-48	3.3664803572e-69	8.6542262502e-36	2.3716719406e-54	6.7583645889e-58	1.7031532087e-45	5.8675699144e-50	6.9638894247e-42	1.9532928331e-44	8.0903508216e-49	1.9861796815e-59	5.1271702189e-65	4.2795345726e-75	5.4669515503e-99	1.1559023227e-81	7.1052322785e-25	9.9964796104e-35	1.0719252222e-49	1.4279674478e-49	5.0097168344e-72	2.9531880189e-25	2.0175000865e-47	2.5470664482e-18	8.5259152304e-01	2.7633909869e-16	2.7638059532e-24	9.7502090093e-11	6.8451888935e-41	4.0521088115e-14	1.1746396145e-04	1.5042508165e-07	1.1577278728e-19	2.1764373850e-03	4.3764044079e-33	6.9661977680e-55	7.9208550341e-83	2.0814181987e-23	9.6228130520e-24	2.6552274272e-10	5.6048468491e-40	2.3814051944e-88	8.1100661475e-111	4.6743939712e-135	8.9979007607e-40	1.6013236509e-15	6.3799512450e-47	2.1108655349e-29	9.3008348076e-80	2.6859348796e-28	6.0886731612e-30	4.7252315545e-78	8.6498922569e-65	2.0789181211e-68	3.2098105538e-56	2.8863086459e-48	1.5679931439e-82	1.8380532141e-40	7.2786789200e-55	3.7975512808e-61	1.3862759138e-59	3.7607597345e-36	6.2191413409e-70	1.9486697675e-43	9.4682399963e-35	4.4268978230e-57	2.2109937286e-41	4.9350435582e-31	2.2981262528e-108	6.5254542720e-83	7.8873040841e-59	6.6004125044e-57	1.3685836816e-69	9.6731819800e-68	5.3029046706e-46	2.8106278057e-82	4.6745174149e-84	1.6644375398e-56	2.0562536252e-85	7.7572911218e-72	1.0465944489e-39	1.0295480893e-42
1.4197077621e+04	9.2000000000e+02	2.1017147992e+23	1.1177066807e+23	2.4176562083e+00	4.3680619622e-31	3.3957917057e-44	1.7245856349e-12	1.4486270173e-01	1.7119525392e-31	5.8787612425e-37	1.1690978510e-22	1.9003585444e-37	2.0507759332e-18	1.2728723066e-29	1.1864760335e-30	1.2930616529e-26	1.6435832954e-23	1.7363302588e-14	4.4576678448e-04	1.2127367771e-48	6.0804012813e-34	3.2357762274e-43	8.6484842935e-49	1.0700788327e-42	8.4843258359e-22	2.0325685525e-31	1.7656166192e-42	8.3498211823e-32	7.2828703234e-56	1.2195510813e-48	1.2907725544e-69	5.3707687975e-36	1.4718475446e-54	6.7886653963e-58	3.1811869648e-46	1.0959575939e-50	1.6496466512e-42	4.6270737290e-45	1.9164893819e-49	2.9159865270e-60	4.6799104430e-66	3.8939595214e-76	2.1093266617e-99	6.5184440919e-83	4.3956713505e-25	6.1843494072e-35	6.6314946567e-50	8.8341596074e-50	3.0992749991e-72	2.3170831444e-25	1.5829386460e-47	1.9984385338e-18	8.5105733227e-01	2.1749864625e-16	1.7152134887e-24	9.7326640534e-11	6.8328713588e-41	4.0448172682e-14	1.1762134789e-04	1.9103166044e-07	1.1629249795e-19	3.5164023303e-03	2.1281248042e-33	3.3874699135e-55	3.8516934217e-83	1.0121362844e-23	4.6793086822e-24	1.0180703430e-10	2.1490168019e-40	9.1308110866e-89	3.1095708561e-111	1.7922614932e-135	2.7202804091e-40	9.8755740745e-16	3.9346000465e-47	1.3017986052e-29	5.7359474486e-80	1.6564514518e-28	3.7549650119e-30	1.2586346469e-78	4.7441280950e-65	7.0450042464e-69	2.2397131342e-56	9.7810762532e-49	3.2931928249e-83	7.9487749928e-41	3.9920711303e-55	1.2908544348e-61	7.5799377112e-60	4.2340956952e-36	3.4005282434e-70	2.1939328371e-43	5.1770840632e-35	3.0795179842e-57	3.1669403178e-41	4.3675865914e-31	1.6036870424e-108	2.2113416032e-83	5.5035484298e-59	2.2367433991e-57	9.5496084486e-70	2.5847042573e-68	2.9175912088e-46	7.5100847581e-83	2.0090255226e-84	1.4729408132e-56	8.8374171006e-86	6.8647999219e-72	4.4980792091e-40	9.1109660992e-43
