#p(bar)         	T(K)            	e-              	C               	H               	He              	N               	O               	Si              	SiO2(s,l)       	SiC(s)          	C(s)            	Si(s,l)         
1.3669879408e-06	9.2000000000e+02	0.0000000000e+00	9.9990725005e-01	0.0000000000e+00	0.0000000000e+00	0.0000000000e+00	9.9851428107e-01	9.9882575349e-01	3.9024158376e+10	4.7773596399e+09	0.0000000000e+00	5.6250160608e+10
2.1868582841e-06	9.2000000000e+02	0.0000000000e+00	9.9991484881e-01	0.0000000000e+00	0.0000000000e+00	0.0000000000e+00	9.9904421209e-01	9.9923891518e-01	6.2462823199e+10	7.6427362659e+09	0.0000000000e+00	9.0020355287e+10
3.4985349905e-06	9.2000000000e+02	0.0000000000e+00	9.9991954949e-01	0.0000000000e+00	0.0000000000e+00	0.0000000000e+00	9.9937548712e-01	9.9949719633e-01	9.9961376402e+10	1.2226933441e+10	0.0000000000e+00	1.4404789772e+11
5.5970324004e-06	9.2000000000e+02	0.0000000000e+00	9.9992241007e-01	0.0000000000e+00	0.0000000000e+00	0.0000000000e+00	9.9958257979e-01	9.9965866115e-01	1.5995376650e+11	1.9560999773e+10	0.0000000000e+00	2.3048433839e+11
8.9543317784e-06	9.2000000000e+02	0.0000000000e+00	9.9992407633e-01	0.0000000000e+00	0.0000000000e+00	0.0000000000e+00	9.9971205668e-01	9.9975961701e-01	2.5593312261e+11	3.1294465998e+10	0.0000000000e+00	3.6877044741e+11
1.4325536468e-05	9.2000000000e+02	0.0000000000e+00	9.9992492770e-01	0.0000000000e+00	0.0000000000e+00	0.0000000000e+00	9.9979303821e-01	9.9982277077e-01	4.0948655370e+11	5.0066344850e+10	0.0000000000e+00	5.9000872726e+11
2.2918705145e-05	9.2000000000e+02	0.0000000000e+00	9.9992516317e-01	0.0000000000e+00	0.0000000000e+00	0.0000000000e+00	9.9984374362e-01	9.9986233247e-01	6.5515040821e+11	8.0098675393e+10	0.0000000000e+00	9.4395883352e+11
3.6666561035e-05	9.2000000000e+02	0.0000000000e+00	9.9992484478e-01	0.0000000000e+00	0.0000000000e+00	0.0000000000e+00	9.9987558554e-01	9.9988720855e-01	1.0481780273e+12	1.2814610214e+11	0.0000000000e+00	1.5102293047e+12
5.8661188294e-05	9.2000000000e+02	0.0000000000e+00	9.9992390492e-01	0.0000000000e+00	0.0000000000e+00	0.0000000000e+00	9.9989572932e-01	9.9990299777e-01	1.6769671043e+12	2.0501504607e+11	0.0000000000e+00	2.4161828505e+12
9.3849484855e-05	9.2000000000e+02	0.0000000000e+00	9.9992211385e-01	0.0000000000e+00	0.0000000000e+00	0.0000000000e+00	9.9990868709e-01	9.9991323293e-01	2.6829417990e+12	3.2799410430e+11	0.0000000000e+00	3.8655824913e+12
1.5014578885e-04	9.2000000000e+02	0.0000000000e+00	9.9991900126e-01	0.0000000000e+00	0.0000000000e+00	0.0000000000e+00	9.9991730573e-01	9.9992014865e-01	4.2923614695e+12	5.2474218363e+11	0.0000000000e+00	6.1844217406e+12
2.4021192400e-04	9.2000000000e+02	0.0000000000e+00	9.9991373032e-01	0.0000000000e+00	0.0000000000e+00	0.0000000000e+00	9.9992338690e-01	9.9992516364e-01	6.8672104568e+12	8.3950853756e+11	0.0000000000e+00	9.8942473279e+12
3.8430502162e-04	9.2000000000e+02	0.0000000000e+00	9.9990492145e-01	0.0000000000e+00	0.0000000000e+00	0.0000000000e+00	9.9992810426e-01	9.9992921185e-01	1.0986615432e+13	1.3430828639e+12	0.0000000000e+00	1.5829467646e+13
6.1483363555e-04	9.2000000000e+02	0.0000000000e+00	9.9989039203e-01	0.0000000000e+00	0.0000000000e+00	0.0000000000e+00	9.9993231743e-01	9.9993300253e-01	1.7577104371e+13	2.1487113406e+12	0.0000000000e+00	2.5325036636e+13
9.8364688773e-04	9.2000000000e+02	0.0000000000e+00	9.9986668876e-01	0.0000000000e+00	0.0000000000e+00	0.0000000000e+00	9.9993678857e-01	9.9993720297e-01	2.8121009090e+13	3.4375530399e+12	0.0000000000e+00	4.0516738708e+13
1.5736960851e-03	9.2000000000e+02	0.0000000000e+00	9.9982811028e-01	0.0000000000e+00	0.0000000000e+00	0.0000000000e+00	9.9994215314e-01	9.9994238794e-01	4.4989887175e+13	5.4993875256e+12	0.0000000000e+00	6.4821632528e+13
2.5176916945e-03	9.2000000000e+02	0.0000000000e+00	1.0000000000e+00	0.0000000000e+00	0.0000000000e+00	0.0000000000e+00	1.0000000000e+00	1.0000000000e+00	7.5647129485e+13	9.2462474465e+12	0.0000000000e+00	1.0899326095e+14
4.0279519564e-03	9.2000000000e+02	0.0000000000e+00	1.0000000000e+00	0.0000000000e+00	0.0000000000e+00	0.0000000000e+00	1.0000000000e+00	1.0000000000e+00	1.2088017818e+14	1.4773458101e+13	0.0000000000e+00	1.7416709481e+14
6.4441566818e-03	9.2000000000e+02	0.0000000000e+00	9.9948392421e-01	0.0000000000e+00	0.0000000000e+00	0.0000000000e+00	9.9995561018e-01	9.9995550243e-01	1.8423244321e+14	2.2511796673e+13	0.0000000000e+00	2.6545082937e+14
1.0309747171e-02	9.2000000000e+02	0.0000000000e+00	9.9920142130e-01	0.0000000000e+00	0.0000000000e+00	0.0000000000e+00	9.9995634630e-01	9.9995610610e-01	2.9474634189e+14	3.6005544241e+13	0.0000000000e+00	4.2469459474e+14
1.6494156806e-02	9.2000000000e+02	0.0000000000e+00	9.9874867177e-01	0.0000000000e+00	0.0000000000e+00	0.0000000000e+00	9.9995663137e-01	9.9995620467e-01	4.7155326653e+14	5.7577759532e+13	0.0000000000e+00	6.7947833960e+14
2.6388366599e-02	9.2000000000e+02	0.0000000000e+00	9.9802410779e-01	0.0000000000e+00	0.0000000000e+00	0.0000000000e+00	9.9995679172e-01	9.9995608328e-01	7.5442033459e+14	9.2049649127e+13	0.0000000000e+00	1.0871381362e+15
4.2217776367e-02	9.2000000000e+02	0.0000000000e+00	9.9686480562e-01	0.0000000000e+00	0.0000000000e+00	0.0000000000e+00	9.9995690514e-01	9.9995575737e-01	1.2069702082e+15	1.4709587170e+14	0.0000000000e+00	1.7394432845e+15
6.7542779788e-02	9.2000000000e+02	0.0000000000e+00	9.9501001864e-01	0.0000000000e+00	0.0000000000e+00	0.0000000000e+00	9.9995699609e-01	9.9995515387e-01	1.9309925387e+15	2.3489603179e+14	0.0000000000e+00	2.7833134163e+15
1.0805967875e-01	9.2000000000e+02	0.0000000000e+00	9.9204256596e-01	0.0000000000e+00	0.0000000000e+00	0.0000000000e+00	9.9995707765e-01	9.9995413126e-01	3.0893425110e+15	3.7468297764e+14	0.0000000000e+00	4.4540595911e+15
1.7288219945e-01	9.2000000000e+02	0.0000000000e+00	9.8729500355e-01	0.0000000000e+00	0.0000000000e+00	0.0000000000e+00	9.9995716129e-01	9.9995245466e-01	4.9425810951e+15	5.9657946717e+14	0.0000000000e+00	7.1288128315e+15
2.7659216283e-01	9.2000000000e+02	0.0000000000e+00	9.7969949338e-01	0.0000000000e+00	0.0000000000e+00	0.0000000000e+00	9.9995726099e-01	9.9994974472e-01	7.9076091679e+15	9.4712128213e+14	0.0000000000e+00	1.1412635761e+16
4.4252135705e-01	9.2000000000e+02	0.0000000000e+00	9.6754759433e-01	0.0000000000e+00	0.0000000000e+00	0.0000000000e+00	9.9995739769e-01	9.9994539366e-01	1.2651511952e+16	1.4965189617e+15	0.0000000000e+00	1.8277910941e+16
7.0800485893e-01	9.2000000000e+02	0.0000000000e+00	9.4810591333e-01	0.0000000000e+00	0.0000000000e+00	0.0000000000e+00	9.9995760720e-01	9.9993843192e-01	2.0241794428e+16	2.3462443002e+15	0.0000000000e+00	2.9291495074e+16
1.1327927451e+00	9.2000000000e+02	0.0000000000e+00	9.1700107639e-01	0.0000000000e+00	0.0000000000e+00	0.0000000000e+00	9.9995795662e-01	9.9992731862e-01	3.2386986395e+16	3.6308440682e+15	0.0000000000e+00	4.6988767609e+16
1.8125259166e+00	9.2000000000e+02	0.0000000000e+00	8.6723544010e-01	0.0000000000e+00	0.0000000000e+00	0.0000000000e+00	9.9995858083e-01	9.9990961641e-01	5.1822215191e+16	5.4943956946e+15	0.0000000000e+00	7.5499295382e+16
2.9003423018e+00	9.2000000000e+02	0.0000000000e+00	7.8761148703e-01	0.0000000000e+00	0.0000000000e+00	0.0000000000e+00	9.9995976353e-01	9.9988149370e-01	8.2927700698e+16	7.9850583574e+15	0.0000000000e+00	1.2161761775e+17
4.6415635231e+00	9.2000000000e+02	0.0000000000e+00	6.6020866447e-01	0.0000000000e+00	0.0000000000e+00	0.0000000000e+00	9.9996210357e-01	9.9983696412e-01	1.3272243321e+17	1.0712503264e+16	0.0000000000e+00	1.9669539728e+17
7.4294954735e+00	9.2000000000e+02	0.0000000000e+00	4.5633992330e-01	0.0000000000e+00	0.0000000000e+00	0.0000000000e+00	9.9996678282e-01	9.9976666902e-01	2.1246456050e+17	1.1853274573e+16	0.0000000000e+00	3.2012835417e+17
1.1895487471e+01	9.2000000000e+02	0.0000000000e+00	1.3006384516e-01	0.0000000000e+00	0.0000000000e+00	0.0000000000e+00	9.9997581823e-01	9.9965574654e-01	3.4023884701e+17	5.4100333628e+15	0.0000000000e+00	5.2611776811e+17
1.9036129788e+01	9.2000000000e+02	0.0000000000e+00	0.0000000000e+00	0.0000000000e+00	0.0000000000e+00	0.0000000000e+00	9.9997478420e-01	9.9946291489e-01	5.4451999797e+17	0.0000000000e+00	0.0000000000e+00	8.5039213793e+17
3.0456018064e+01	9.2000000000e+02	0.0000000000e+00	0.0000000000e+00	0.0000000000e+00	0.0000000000e+00	0.0000000000e+00	9.9998975982e-01	9.9917110692e-01	8.7121171345e+17	0.0000000000e+00	0.0000000000e+00	1.3599107212e+18
4.8727629328e+01	9.2000000000e+02	0.0000000000e+00	0.0000000000e+00	0.0000000000e+00	0.0000000000e+00	0.0000000000e+00	1.0000000000e+00	9.9870036919e-01	1.3939339784e+18	0.0000000000e+00	0.0000000000e+00	2.1740964469e+18
7.7963218512e+01	9.2000000000e+02	0.0000000000e+00	0.0000000000e+00	0.0000000000e+00	0.0000000000e+00	0.0000000000e+00	1.0000000000e+00	9.9793816424e-01	2.2303503622e+18	0.0000000000e+00	0.0000000000e+00	3.4741537885e+18
1.2474522783e+02	9.2000000000e+02	0.0000000000e+00	0.0000000000e+00	0.0000000000e+00	0.0000000000e+00	0.0000000000e+00	1.0000000000e+00	9.9670350947e-01	3.5688088547e+18	0.0000000000e+00	0.0000000000e+00	5.5475437163e+18
1.9961338008e+02	9.2000000000e+02	0.0000000000e+00	0.0000000000e+00	0.0000000000e+00	0.0000000000e+00	0.0000000000e+00	1.0000000000e+00	9.9470964456e-01	5.7109035445e+18	0.0000000000e+00	0.0000000000e+00	8.8479104809e+18
3.1945214154e+02	9.2000000000e+02	0.0000000000e+00	0.0000000000e+00	0.0000000000e+00	0.0000000000e+00	0.0000000000e+00	1.0000000000e+00	9.9150336289e-01	9.1398433938e+18	0.0000000000e+00	0.0000000000e+00	1.4085028491e+19
5.1133166506e+02	9.2000000000e+02	0.0000000000e+00	0.0000000000e+00	0.0000000000e+00	0.0000000000e+00	0.0000000000e+00	1.0000000000e+00	9.8636176992e-01	1.4630514872e+19	0.0000000000e+00	0.0000000000e+00	2.2353427710e+19
8.1870752060e+02	9.2000000000e+02	0.0000000000e+00	0.0000000000e+00	0.0000000000e+00	0.0000000000e+00	0.0000000000e+00	1.0000000000e+00	9.7803188849e-01	2.3425080367e+19	0.0000000000e+00	0.0000000000e+00	3.5295336060e+19
1.3114801489e+03	9.2000000000e+02	0.0000000000e+00	0.0000000000e+00	0.0000000000e+00	0.0000000000e+00	0.0000000000e+00	1.0000000000e+00	9.6482664354e-01	3.7529044051e+19	0.0000000000e+00	0.0000000000e+00	5.5276042256e+19
2.1024512683e+03	9.2000000000e+02	0.0000000000e+00	0.0000000000e+00	0.0000000000e+00	0.0000000000e+00	0.0000000000e+00	1.0000000000e+00	9.4365571056e-01	6.0175184927e+19	0.0000000000e+00	0.0000000000e+00	8.5366014038e+19
3.3745900891e+03	9.2000000000e+02	0.0000000000e+00	0.0000000000e+00	0.0000000000e+00	0.0000000000e+00	0.0000000000e+00	1.0000000000e+00	9.0967085372e-01	9.6616240627e+19	0.0000000000e+00	0.0000000000e+00	1.2864646303e+20
5.4270978705e+03	9.2000000000e+02	0.0000000000e+00	0.0000000000e+00	0.0000000000e+00	0.0000000000e+00	0.0000000000e+00	1.0000000000e+00	8.5500590584e-01	1.5545982742e+20	0.0000000000e+00	0.0000000000e+00	1.8521660506e+20
8.7555249438e+03	9.2000000000e+02	0.0000000000e+00	0.0000000000e+00	0.0000000000e+00	0.0000000000e+00	0.0000000000e+00	1.0000000000e+00	7.6679413648e-01	2.5100952651e+20	0.0000000000e+00	0.0000000000e+00	2.4230476867e+20
1.4197077621e+04	9.2000000000e+02	0.0000000000e+00	0.0000000000e+00	0.0000000000e+00	0.0000000000e+00	0.0000000000e+00	1.0000000000e+00	6.2372436956e-01	4.0755599716e+20	0.0000000000e+00	0.0000000000e+00	2.4397441925e+20
