#p(bar)         	T(K)            	n_<tot>(cm-3)   	n_g(cm-3)       	m(u)            	e-              	C               	H               	He              	N               	O               	Si              	C1H1            	C1H1N1          	C1H1N1O1        	C1H1O1          	C1H2            	C1H2O1          	C1H3            	C1H4            	C1H4O2          	C1N1            	C1N1O1          	C1N2_cnn        	C1N2_ncn        	C1O1            	C1O2            	C1Si1           	C1Si2           	C2              	C2H2O2          	C2H2O4          	C2H4O1          	C2H4O3          	C2H6O2          	C2N1            	C2N1O1          	C2Si1           	C2Si2           	C2O1            	C3              	C3N2O1          	C4              	C4H6O4          	C5              	H1N1            	H1N1O1          	H1N1O2_cis      	H1N1O2_trans    	H1N1O3          	H1O1            	H1O2            	H1Si1           	H2              	H2N1            	H2N2            	H2O1            	H2O2            	H2Si1           	H3N1            	H3Si1           	H4N2            	H4Si1           	N1O1            	N1O2            	N1O3            	N1Si1           	N1Si2           	N2              	N2O1            	N2O3            	N2O4            	N2O5            	N3              	O1Si1           	O2              	O2Si1           	O3              	Si2             	Si3             	C1+             	C1-             	C1H1+           	C1H1-           	C1H1O1+         	C1N1+           	C1N1-           	C1O2-           	C2-             	H1+             	H1-             	H1O1+           	H1O1-           	H1Si1+          	H2+             	H2-             	H3O1+           	He1+            	N1+             	N1-             	N1O1+           	N1O2-           	N2+             	N2-             	N2O1+           	O1+             	O1-             	O2+             	O2-             	Si1+            	Si1-            
1.7156585442e-07	9.2000000000e+02	3.2443116872e+12	1.3507026360e+12	2.1352897158e+00	1.3824783902e-24	2.8788276747e-30	5.2148240772e-07	5.8932782092e-02	2.3669930770e-24	4.8646760137e-26	9.6742868758e-12	5.8870398014e-29	1.0614921925e-13	6.5884526610e-25	3.6755335741e-22	1.4637518433e-23	1.8605439832e-20	7.1823630634e-17	6.7379769967e-12	1.8331093280e-56	8.6127935154e-24	4.5834265239e-33	2.0468638812e-42	2.5325891085e-36	7.1927002991e-08	1.7231370787e-17	1.4968250196e-28	7.0786721865e-18	6.3253378820e-39	1.4143429974e-42	1.4969402689e-63	8.3169636403e-41	2.2792458536e-59	1.4037389350e-73	4.6164433895e-33	1.5904208855e-37	1.4327554922e-25	4.0187183681e-28	1.6645144496e-32	2.5946165959e-40	1.1625176535e-53	3.5496508536e-53	4.5778213201e-109	6.0875799275e-57	2.2208400452e-23	3.1245399671e-33	3.3504526882e-48	4.4633126222e-48	1.5658572901e-70	7.0064256164e-20	4.7865101024e-42	6.0429039718e-13	9.4037378532e-01	4.0154610922e-20	5.2909567959e-32	1.0754084114e-10	7.5499650384e-41	4.4693112688e-14	7.9350892219e-14	7.7131867245e-13	4.7900641300e-38	5.1881658664e-14	2.9424043969e-26	4.6836098842e-48	5.3254581860e-76	1.3994077075e-16	6.4697420063e-17	2.3519074156e-07	4.9645769445e-37	2.1093652765e-85	7.1836124158e-108	4.1404143884e-132	1.0500096171e-40	8.1720393701e-05	3.2558822649e-36	1.0772385861e-18	4.7464975728e-69	1.3707138822e-17	3.1072342407e-19	2.7897985651e-60	1.5382697308e-55	5.7061242167e-56	2.6537211316e-52	7.9222146818e-36	1.2196282979e-68	4.3063909977e-35	1.2944174483e-45	4.2880504382e-49	5.9926521971e-50	4.8968525697e-35	2.6884367426e-60	2.5373459705e-42	4.0929708618e-25	8.8965777600e-53	1.3383910905e-45	4.6107179573e-32	1.7057623387e-104	7.9939171353e-72	2.9103788221e-56	8.0857436768e-46	5.0500106509e-67	1.5611758750e-60	2.5779134867e-47	4.5361333353e-75	4.3466241800e-69	4.6618130920e-50	1.9120180617e-70	2.1726883975e-65	9.7318125795e-25	2.8835931941e-36
2.7434172991e-07	9.2000000000e+02	5.1879495356e+12	2.1598359359e+12	2.1340003764e+00	8.9778399513e-25	1.8003405092e-30	4.1239689243e-07	5.8934469417e-02	1.8718570317e-24	3.0422360354e-26	6.0500358230e-12	4.6555682106e-29	1.0615225616e-13	6.5886411557e-25	2.9066725964e-22	1.4637938374e-23	1.8605973610e-20	9.0827330801e-17	1.0774954831e-11	2.9313947227e-56	6.8111386809e-24	3.6246490331e-33	2.0469222790e-42	2.5326613642e-36	4.4981190896e-08	1.0776030510e-17	9.3607364609e-29	4.4268090101e-18	3.9556942305e-39	1.4143835740e-42	1.4969832151e-63	1.3299972321e-40	3.6448285790e-59	3.5895975083e-73	3.6507593131e-33	1.2577309781e-37	8.9600630667e-26	2.5131971381e-28	1.0409420537e-32	1.6226026325e-40	1.1625508205e-53	2.2198550755e-53	1.1706262179e-108	3.8070068740e-57	2.2209035831e-23	3.1246293597e-33	3.3505485442e-48	4.4634403169e-48	1.5659020890e-70	5.5407969828e-20	3.7852511660e-42	4.7788281683e-13	9.4040076403e-01	5.0779051509e-20	8.4609685451e-32	1.0754392642e-10	7.5501816420e-41	4.4694394904e-14	1.2689301432e-13	9.7540065292e-13	1.2249000939e-37	8.2965930121e-14	2.3269017615e-26	3.7038756811e-48	4.2114598683e-76	1.1066746172e-16	5.1163783221e-17	2.3519745164e-07	4.9647185858e-37	2.1094254575e-85	7.1838173669e-108	4.1405325160e-132	1.3278296746e-40	5.1105711016e-05	2.0361401922e-36	6.7367570548e-19	2.9683304535e-69	8.5720717163e-18	1.9431797618e-19	1.6801084199e-60	9.9895517671e-56	4.3455266808e-56	2.1792423375e-52	6.0332011648e-36	9.2881379495e-69	3.5364186260e-35	8.4059705842e-46	2.7846677974e-49	4.5637334594e-50	4.0213074062e-35	2.0473920916e-60	2.0836747682e-42	3.1170218888e-25	8.5676341971e-53	1.3898566815e-45	5.6149155765e-32	1.6426930997e-104	6.0878060335e-72	2.3900100759e-56	6.1577369778e-46	4.1470808705e-67	1.5034524565e-60	2.6770424128e-47	4.3684128838e-75	2.6176799912e-69	3.0273899484e-50	1.1514801408e-70	1.4109478192e-65	5.8608175016e-25	1.8726106943e-36
4.3876850100e-07	9.2000000000e+02	8.1909687452e+12	3.4543340392e+12	2.1125483409e+00	5.8599424100e-25	1.1256699799e-30	3.2451461925e-07	5.8364758441e-02	1.4729619005e-24	1.9021700392e-26	3.7828086792e-12	3.6634610322e-29	1.0512609177e-13	6.5249493496e-25	2.2872571743e-22	1.4496436197e-23	1.8426113189e-20	1.1320362582e-16	1.6901361685e-11	4.5981225189e-56	5.3596763033e-24	2.8522316812e-33	2.0271346587e-42	2.5081780989e-36	2.8124666415e-08	6.7377554339e-18	5.8528372663e-29	2.7678797340e-18	2.4733133663e-39	1.4007109960e-42	1.4825121620e-63	2.0862049644e-40	5.7171994739e-59	8.9181935969e-73	2.8727778270e-33	9.8970689558e-38	5.6023146517e-26	1.5713863892e-28	6.5085311068e-33	1.0145386739e-40	1.1513124289e-53	1.3879731115e-53	2.9083681992e-108	2.3803460121e-57	2.1994343063e-23	3.0944238465e-33	3.3181590904e-48	4.4202926376e-48	1.5507646533e-70	4.3600464897e-20	2.9786095953e-42	3.7604541449e-13	9.3131008804e-01	6.3289013494e-20	1.3271690032e-31	1.0650431966e-10	7.4771954667e-41	4.4262342657e-14	1.9904162447e-13	1.2157011504e-12	3.0432085874e-37	1.3013856805e-13	1.8310360155e-26	2.9145750290e-48	3.3139923757e-76	8.7084083869e-17	4.0260715478e-17	2.3292379528e-07	4.9167245964e-37	2.0890336183e-85	7.1143713253e-108	4.1005059425e-132	1.6549543696e-40	3.1954046694e-05	1.2731046586e-36	4.2121838286e-19	1.8559602836e-69	5.3597215348e-18	1.2149807841e-19	1.0063027988e-60	6.5202986882e-56	3.2756405953e-56	1.7901501873e-52	4.5478028572e-36	7.0013604510e-69	2.9050095604e-35	5.4866765047e-46	1.8175856345e-49	3.4401239905e-50	3.3033243171e-35	1.5433159528e-60	1.7116457002e-42	2.3495986069e-25	8.1278782821e-53	1.4368664738e-45	6.7038140308e-32	1.5583775708e-104	4.5889633238e-72	1.9632862662e-56	4.6416769840e-46	3.4066412523e-67	1.4262835941e-60	2.7675887481e-47	4.1441919904e-75	1.5678623297e-69	1.9760132556e-50	6.8968030560e-71	9.2094234346e-66	3.5103431333e-25	1.2222751669e-36
7.0182803590e-07	9.2000000000e+02	1.3101950524e+13	5.5253475775e+12	2.1120458357e+00	3.8530521500e-25	7.0374579591e-31	2.5658974262e-07	5.8365471309e-02	1.1646527991e-24	1.1891977152e-26	2.3649344409e-12	2.8966538566e-29	1.0512736424e-13	6.5250283287e-25	1.8085062887e-22	1.4496613785e-23	1.8426338917e-20	1.4317459160e-16	2.7035076758e-11	7.3550639031e-56	4.2378299172e-24	2.2552243952e-33	2.0271588990e-42	2.5082080915e-36	1.7582964904e-08	4.2123065774e-18	3.6590738793e-29	1.7304216698e-18	1.5462648152e-39	1.4007281553e-42	1.4825303235e-63	3.3370513215e-40	9.1451167959e-59	2.2818305912e-72	2.2714699792e-33	7.8254902983e-38	3.5024522762e-26	9.8239855808e-29	4.0690002270e-33	6.3426878151e-41	1.1513261962e-53	8.6773233674e-54	7.4414212424e-108	1.4881435311e-57	2.1994609287e-23	3.0944613020e-33	3.3181992540e-48	4.4203461417e-48	1.5507834240e-70	3.4474354628e-20	2.3551501970e-42	2.9733451251e-13	9.3132149702e-01	8.0044939095e-20	2.1229121088e-31	1.0650562439e-10	7.4772870658e-41	4.4262884892e-14	3.1838291545e-13	1.5375613144e-12	7.7864248439e-37	2.0816702476e-13	1.4477775833e-26	2.3045185110e-48	2.6203328784e-76	6.8856310540e-17	3.1833650931e-17	2.3292658056e-07	4.9167833901e-37	2.0890585988e-85	7.1144563982e-108	4.1005549760e-132	2.0931070916e-40	1.9977014954e-05	7.9591893468e-37	2.6333709824e-19	1.1603083233e-69	3.3507880325e-18	7.5958107985e-20	5.9817271580e-61	4.2872521812e-56	2.4626033136e-56	1.4886798260e-52	3.4190058586e-36	5.2635722458e-69	2.4157908788e-35	3.6076208986e-46	1.1951059834e-49	2.5862607608e-50	2.7470277658e-35	1.1602539621e-60	1.4233958922e-42	1.7664115298e-25	7.7281528228e-53	1.5112229552e-45	8.0615910601e-32	1.4817371971e-104	3.4499495001e-72	1.6326586732e-56	3.4895792493e-46	2.8329451912e-67	1.3561392010e-60	2.9108079973e-47	3.9403813083e-75	9.3197839545e-70	1.2992759297e-50	4.0996402069e-71	6.0554159550e-66	2.0866398145e-25	8.0367512688e-37
1.1226860837e-06	9.2000000000e+02	2.0958827897e+13	8.8386763079e+12	2.1117317310e+00	2.5506753758e-25	4.3993466818e-31	2.0287435484e-07	5.8365919525e-02	9.2084013567e-25	7.4340664664e-27	1.4783983856e-12	2.2902582790e-29	1.0512815153e-13	6.5250771945e-25	1.4299073018e-22	1.4496725529e-23	1.8426480952e-20	1.8108596328e-16	4.3247591746e-11	1.1765781314e-55	3.3506671508e-24	1.7831074975e-33	2.0271736358e-42	2.5082263253e-36	1.0991690289e-08	2.6332515336e-18	2.2874075586e-29	1.0817435607e-18	9.6662104744e-40	1.4007389525e-42	1.4825417512e-63	5.3382290895e-40	1.4629301082e-58	5.8391373898e-72	1.7959521717e-33	6.1872736268e-38	2.1894982377e-26	6.1412968458e-29	2.5436660156e-33	3.9650229891e-41	1.1513345660e-53	5.4244805418e-54	1.9042378158e-107	9.3028751913e-58	2.1994774004e-23	3.0944844763e-33	3.3182241039e-48	4.4203792455e-48	1.5507950378e-70	2.7257373511e-20	1.8621148760e-42	2.3508947311e-13	9.3132867590e-01	1.0124011224e-19	3.3959879881e-31	1.0650644536e-10	7.4773447028e-41	4.4263226082e-14	5.0931208555e-13	1.9446940173e-12	1.9925223490e-36	3.3300155137e-13	1.1446945453e-26	1.8220822034e-48	2.0717828397e-76	5.4441679435e-17	2.5169478377e-17	2.3292827386e-07	4.9168191336e-37	2.0890737856e-85	7.1145081180e-108	4.1005847857e-132	2.6473416848e-40	1.2488289800e-05	4.9755513207e-37	1.6462069061e-19	7.2534693657e-70	2.0946879254e-18	4.7483914257e-20	3.5311896642e-61	2.8381107088e-56	1.8386725453e-56	1.2464277013e-52	2.5527587694e-36	3.9299807657e-69	2.0226699920e-35	2.3882027632e-46	7.9114615757e-50	1.9309998609e-50	2.3000053094e-35	8.6628938325e-61	1.1917673895e-42	1.3188694930e-25	7.2979539798e-53	1.6003310009e-45	9.6285672890e-32	1.3992541052e-104	2.5758618948e-72	1.3669766429e-56	2.6054509542e-46	2.3719409148e-67	1.2806471825e-60	3.0824400970e-47	3.7210326320e-75	5.5017428751e-70	8.6010544144e-51	2.4201383218e-71	4.0086144089e-66	1.2318049204e-25	5.3202351707e-37
1.7959994746e-06	9.2000000000e+02	3.3528723695e+13	1.4139533958e+13	2.1115354803e+00	1.7000947078e-25	2.7500482974e-31	1.6039996854e-07	5.8366203102e-02	7.2805002290e-25	4.6470631453e-27	9.2415243834e-13	1.8107629039e-29	1.0512862904e-13	6.5251068325e-25	1.1305376000e-22	1.4496796293e-23	1.8426570899e-20	2.2904029824e-16	6.9185332817e-11	1.8822308092e-55	2.6491604801e-24	1.4097902601e-33	2.0271821559e-42	2.5082368673e-36	6.8709472905e-09	1.6460555215e-18	1.4298671410e-29	6.7620200283e-19	6.0423848311e-40	1.4007457900e-42	1.4825489881e-63	8.5398317293e-40	2.3403223702e-58	1.4943446930e-71	1.4199457312e-33	4.8918857152e-38	1.3686636531e-26	3.8389479520e-29	1.5900552744e-33	2.4785509097e-41	1.1513394050e-53	3.3908633615e-54	4.8733014559e-107	5.8152625675e-58	2.1994873908e-23	3.0944985320e-33	3.3182391758e-48	4.4203993236e-48	1.5508020817e-70	2.1550687651e-20	1.4722568939e-42	1.8587043256e-13	9.3133322206e-01	1.2805000021e-19	5.4327279351e-31	1.0650696526e-10	7.4773812024e-41	4.4263442147e-14	8.1477170801e-13	2.4596787606e-12	5.0992346632e-36	5.3271921579e-13	9.0503753871e-27	1.4406050937e-48	1.6380275853e-76	4.3043590765e-17	1.9899913784e-17	2.3292925285e-07	4.9168397988e-37	2.0890825659e-85	7.1145380200e-108	4.1006020203e-132	3.3483948786e-40	7.8064773218e-06	3.1102360026e-37	1.0290501810e-19	4.5341712126e-70	1.3093973672e-18	2.9682374907e-20	2.0701765600e-61	1.8916781970e-56	1.3633762568e-56	1.0507756769e-52	1.8928714112e-36	2.9140809559e-69	1.7051704698e-35	1.5918022800e-46	5.2732049257e-50	1.4318369897e-50	1.9389729812e-35	6.4235384364e-61	1.0046954060e-42	9.7794213393e-26	6.8444325583e-53	1.7063877711e-45	1.1421495969e-31	1.3122993327e-104	1.9100017379e-72	1.1524016343e-56	1.9319420271e-46	1.9996161610e-67	1.2010622908e-60	3.2867166326e-47	3.4897917539e-75	3.2254226543e-70	5.7328373613e-51	1.4188174814e-71	2.6718508387e-66	7.2215143203e-26	3.5460818509e-37
2.8732057577e-06	9.2000000000e+02	5.3638786796e+13	2.2620157162e+13	2.1114129769e+00	1.1407808251e-25	1.7190155227e-31	1.2681618939e-07	5.8366385336e-02	5.7561408012e-25	2.9048121407e-27	5.7767435878e-13	1.4316340175e-29	1.0512890308e-13	6.5251238416e-25	8.9383103814e-23	1.4496841815e-23	1.8426628761e-20	2.8969713989e-16	1.1068207304e-10	3.0111759158e-55	2.0944907971e-24	1.1146145158e-33	2.0271863588e-42	2.5082420675e-36	4.2949300414e-09	1.0289255630e-18	8.9378932472e-30	4.2268411810e-19	3.7770075997e-40	1.4007501886e-42	1.4825536435e-63	1.3661945975e-39	3.7440266740e-58	3.8245110706e-71	1.1226436785e-33	3.8676439907e-38	8.5553190727e-27	2.3996709900e-29	9.9392061630e-34	1.5493064218e-41	1.1513417920e-53	2.1195797758e-54	1.2472353571e-106	3.6350367488e-58	2.1994931242e-23	3.0945065985e-33	3.3182478255e-48	4.4204108463e-48	1.5508061242e-70	1.7038507624e-20	1.1640027788e-42	1.4695376934e-13	9.3133614660e-01	1.6196145097e-19	8.6912200042e-31	1.0650729971e-10	7.4774046827e-41	4.4263581142e-14	1.3034637533e-12	3.1110765549e-12	1.3050575751e-35	8.5223940902e-13	7.1554472073e-27	1.1389774737e-48	1.2950645039e-76	3.4031311206e-17	1.5733356510e-17	2.3292973577e-07	4.9168499926e-37	2.0890868971e-85	7.1145527702e-108	4.1006105219e-132	4.2351449706e-40	4.8797163695e-06	1.9441636617e-37	6.4324442462e-20	2.8342450219e-70	8.1848540687e-19	1.8554024401e-20	1.2054723242e-61	1.2693352933e-56	1.0041452240e-56	8.9180530575e-53	1.3941256331e-36	2.1462592578e-69	1.4471968607e-35	1.0681155056e-46	3.5383740910e-50	1.0545674882e-50	1.6456284917e-35	4.7310237432e-61	8.5269645408e-43	7.2026773107e-26	6.3760129762e-53	1.8317606019e-45	1.3457539953e-31	1.2224881102e-104	1.4067416021e-72	9.7805589349e-57	1.4229009160e-46	1.6970961449e-67	1.1188627422e-60	3.5281966480e-47	3.2509537610e-75	1.8781768757e-70	3.8467921261e-51	8.2618325411e-72	1.7928390639e-66	4.2051174862e-26	2.3794569570e-37
4.5965836130e-06	9.2000000000e+02	8.5812061565e+13	3.6187956069e+13	2.1113366811e+00	7.7038731578e-26	1.0745122276e-31	1.0026305580e-07	5.8366507021e-02	4.5508998556e-25	1.8157230826e-27	3.6108932926e-13	1.1318744245e-29	1.0512903479e-13	6.5251320162e-25	7.0667815901e-23	1.4496872244e-23	1.8426667438e-20	3.6642052540e-16	1.7707104254e-10	4.8173298893e-55	1.6559389694e-24	8.8123261992e-34	2.0271871831e-42	2.5082430874e-36	2.6846498971e-09	6.4315480815e-19	5.5868463409e-30	2.6420893082e-19	2.3609099487e-40	1.4007531288e-42	1.4825567554e-63	2.1856611016e-39	5.9897568616e-58	9.7884861326e-71	8.8758060844e-34	3.0578231295e-38	5.3477091004e-27	1.4999723893e-29	6.2127411961e-34	9.6843144960e-42	1.1513422602e-53	1.3248946018e-54	3.1921847712e-106	2.2721676347e-58	2.1994958797e-23	3.0945104752e-33	3.3182519826e-48	4.4204163842e-48	1.5508080671e-70	1.3470936548e-20	9.2028057399e-43	1.1618417212e-13	9.3133810144e-01	2.0485514549e-19	1.3904336451e-30	1.0650752326e-10	7.4774203775e-41	4.4263674049e-14	2.0853014772e-12	3.9350140157e-12	3.3401697945e-35	1.3634269444e-12	5.6572145795e-27	9.0049437629e-49	1.0238993567e-76	2.6905715930e-17	1.2439051153e-17	2.3292983048e-07	4.9168519919e-37	2.0890877465e-85	7.1145556631e-108	4.1006121892e-132	5.3567670929e-40	3.0501847348e-06	1.2152465172e-37	4.0207548475e-20	1.7716133984e-70	5.1161409898e-19	1.1597641689e-20	6.9745061308e-62	8.5720217931e-57	7.3483091169e-57	7.6174855093e-53	1.0202175796e-36	1.5706257172e-69	1.2361433282e-35	7.2131527740e-47	2.3895199307e-50	7.7172979596e-51	1.4056376552e-35	3.4621510987e-61	7.2834315303e-43	5.2709008702e-26	5.9016677554e-53	1.9789962567e-45	1.5755272392e-31	1.1315407585e-104	1.0294490424e-72	8.3542004557e-57	1.0412743771e-46	1.4495982777e-67	1.0356228913e-60	3.8117842121e-47	3.0090930787e-75	1.0866575591e-70	2.5977995028e-51	4.7800518148e-72	1.2107325471e-66	2.4329565349e-26	1.6068848789e-37
7.3537446984e-06	9.2000000000e+02	1.3728479526e+14	5.7894517427e+13	2.1112894487e+00	5.2335750192e-26	6.7164220404e-32	7.9269218653e-08	5.8366595751e-02	3.5979931645e-25	1.1349486975e-27	2.2570504713e-13	8.9487399446e-30	1.0512905405e-13	6.5251332120e-25	5.5870853981e-23	1.4496894442e-23	1.8426695654e-20	4.6346557619e-16	2.8328413834e-10	7.7069244481e-55	1.3092041754e-24	6.9671252796e-34	2.0271848219e-42	2.5082401659e-36	1.6780862309e-09	4.0201488807e-19	3.4921536431e-30	1.6514830085e-19	1.4757270516e-40	1.4007552737e-42	1.4825590255e-63	3.4966932650e-39	9.5826120811e-58	2.5053262720e-70	7.0173131985e-34	2.4175497303e-38	3.3426768302e-27	9.3758333851e-30	3.8833799031e-34	6.0533460354e-42	1.1513409192e-53	8.2814797978e-55	8.1702770623e-106	1.4202571539e-58	2.1994962828e-23	3.0945110423e-33	3.3182525907e-48	4.4204171943e-48	1.5508083513e-70	1.0650289942e-20	7.2758526516e-43	9.1856651184e-14	9.3133952757e-01	2.5910988462e-19	2.2244559556e-30	1.0650768635e-10	7.4774318274e-41	4.4263741829e-14	3.3361301056e-12	4.9771871708e-12	8.5490161247e-35	2.1812557356e-12	4.4726581629e-27	7.1194109153e-49	8.0950647205e-77	2.1271964903e-17	9.8344552595e-18	2.3292955918e-07	4.9168462650e-37	2.0890853133e-85	7.1145473765e-108	4.1006074131e-132	6.7754586199e-40	1.9065700189e-06	7.5961057335e-38	2.5132414303e-20	1.1073771867e-70	3.1979312310e-19	7.2493038478e-21	4.0112281322e-62	5.8233460237e-57	5.3455001218e-57	6.5454271167e-53	7.4215348174e-37	1.1425442931e-69	1.0621713876e-35	4.9002073885e-47	1.6233044809e-50	5.6139196823e-51	1.2078131050e-35	2.5185289330e-61	6.2583867318e-43	3.8342972234e-26	5.4301610152e-53	2.1508412241e-45	1.8335843414e-31	1.0411376412e-104	7.4886786554e-73	7.1784496896e-57	7.5747014963e-47	1.2455851834e-67	9.5288046067e-61	4.1427670667e-47	2.7686776945e-75	6.2496631152e-71	1.7647978237e-51	2.7491377817e-72	8.2250310765e-67	1.3992594621e-26	1.0916265609e-37
1.1764812905e-05	9.2000000000e+02	2.1963400335e+14	9.2621948914e+13	2.1112606934e+00	3.5746337451e-26	4.1981843119e-32	6.2671000240e-08	5.8366672425e-02	2.8446015874e-25	7.0941399872e-28	1.4107978657e-13	7.0749591424e-30	1.0512896681e-13	6.5251277970e-25	4.4172029986e-23	1.4496913610e-23	1.8426720018e-20	5.8621453476e-16	4.5321041680e-10	1.2329876505e-54	1.0350670792e-24	5.5082638359e-34	2.0271787770e-42	2.5082326866e-36	1.0489089646e-09	2.5128447648e-19	2.1828146819e-30	1.0322802849e-19	9.2242180724e-41	1.4007571258e-42	1.4825609858e-63	5.5941635892e-39	1.5330684029e-57	6.4123758345e-70	5.5479427978e-34	1.9113337591e-38	2.0893823145e-27	5.8604829166e-30	2.4273555902e-34	3.7837202915e-42	1.1513374860e-53	5.1764434035e-55	2.0911802100e-105	8.8774964803e-59	2.1994944575e-23	3.0945084743e-33	3.3182498370e-48	4.4204135259e-48	1.5508070643e-70	8.4202207973e-21	5.7523584946e-43	7.2622744443e-14	9.3134075899e-01	3.2773448856e-19	3.5587671006e-30	1.0650782718e-10	7.4774417141e-41	4.4263800354e-14	5.3372761028e-12	6.2953962746e-12	2.1881089529e-34	3.4896688070e-12	3.5361185884e-27	5.6286620527e-49	6.4000215957e-77	1.6817782126e-17	7.7751973845e-18	2.3292886460e-07	4.9168316034e-37	2.0890790838e-85	7.1145261615e-108	4.1005951854e-132	8.5698849788e-40	1.1917256382e-06	4.7480416999e-38	1.5709332560e-20	6.9218007809e-71	1.9989072521e-19	4.5312688069e-21	2.2945171705e-62	3.9774588363e-57	3.8675934741e-57	5.6547005822e-53	5.3696527870e-37	8.2665554978e-70	9.1762510393e-36	3.3469371557e-47	1.1087486001e-50	4.0618012595e-51	1.0434493190e-35	1.8222141696e-61	5.4067217410e-43	2.7742030831e-26	4.9693971656e-53	2.3502740193e-45	2.1224155429e-31	9.5279428818e-105	5.4182212527e-73	6.2015656976e-57	5.4804606418e-47	1.0760789141e-67	8.7202222294e-61	4.5268780366e-47	2.5337369979e-75	3.5749548156e-71	1.2053913110e-51	1.5725717003e-72	5.6178565383e-67	8.0040943972e-27	7.4560221788e-38
1.8821898855e-05	9.2000000000e+02	3.5138139264e+14	1.4818093311e+14	2.1112440318e+00	2.4532744122e-26	2.6241163738e-32	4.9548183295e-08	5.8366756578e-02	2.2489565437e-25	4.4342619369e-28	8.8183307458e-14	5.5935180714e-30	1.0512875748e-13	6.5251148045e-25	3.4922752626e-23	1.4496934605e-23	1.8426746704e-20	7.4147537243e-16	7.2506935739e-10	1.9725971210e-54	8.1832931935e-25	4.3548615219e-34	2.0271677684e-42	2.5082190655e-36	6.5563085949e-10	1.5706783224e-19	1.3643897747e-30	6.4523693977e-20	5.7656881835e-41	1.4007591544e-42	1.4825631329e-63	8.9498309137e-39	2.4526817578e-57	1.6412610996e-69	4.3862319118e-34	1.5111102320e-38	1.3059889551e-27	3.6631524576e-30	1.5172424734e-34	2.3650515635e-42	1.1513312336e-53	3.2355868356e-55	5.3524197887e-105	5.5489664439e-59	2.1994900780e-23	3.0945023127e-33	3.3182432299e-48	4.4204047242e-48	1.5508039764e-70	6.6570924646e-21	4.5478596476e-43	5.7416110151e-14	9.3134210780e-01	4.1453461448e-19	5.6934596589e-30	1.0650798143e-10	7.4774525432e-41	4.4263864459e-14	8.5388197192e-12	7.9627525769e-12	5.6004724230e-34	5.5829518157e-12	2.7956734166e-27	4.4500489670e-49	5.0598897614e-77	1.3296224445e-17	6.1471107637e-18	2.3292759967e-07	4.9168049024e-37	2.0890677390e-85	7.1144875258e-108	4.1005729170e-132	1.0839535212e-39	7.4489982527e-07	2.9678101394e-38	9.8192727450e-21	4.3265396219e-71	1.2494366279e-19	2.8323141118e-21	1.3062307798e-62	2.7297336412e-57	2.7848957318e-57	4.9086685921e-53	3.8664671528e-37	5.9523877307e-70	7.9655889280e-36	2.2970060344e-47	7.6093517941e-51	2.9247368077e-51	9.0578569552e-36	1.3121018270e-61	4.6934059214e-43	1.9975900718e-26	4.5259666381e-53	2.5805490436e-45	2.4449927599e-31	8.6777429733e-105	3.9014258981e-73	5.3833665671e-57	3.9462417801e-47	9.3410721295e-68	7.9420424822e-61	4.9703780644e-47	2.3076300519e-75	2.0351628118e-71	8.2726116044e-52	8.9523913126e-73	3.8555400860e-67	4.5565989221e-27	5.1170748481e-38
3.0112239393e-05	9.2000000000e+02	5.6215940905e+14	2.3706745880e+14	2.1112358933e+00	1.6907292966e-26	1.6402251698e-32	3.9173137452e-08	5.8366872012e-02	1.7780308668e-25	2.7716712990e-28	5.5119689772e-14	4.4222741921e-30	1.0512838771e-13	6.5250918533e-25	2.7610170502e-23	1.4496963343e-23	1.8426783233e-20	9.3785960763e-16	1.1600077547e-09	3.1558745848e-54	6.4697327882e-25	3.4429647955e-34	2.0271494893e-42	2.5081964488e-36	4.0980737309e-10	9.8176519294e-20	8.5282286726e-31	4.0331056948e-20	3.6038900463e-41	1.4007619312e-42	1.4825660719e-63	1.4318455410e-38	3.9239416613e-57	4.2008724679e-69	3.4677663070e-34	1.1946876622e-38	8.1631896244e-28	2.2896830803e-30	9.4836468325e-35	1.4782946142e-42	1.1513208519e-53	2.0224297291e-55	1.3699729392e-104	3.4684263696e-59	2.1994823416e-23	3.0944914282e-33	3.3182315584e-48	4.4203891760e-48	1.5507985217e-70	5.2631434859e-21	3.5955693880e-43	4.5393575007e-14	9.3134395404e-01	5.2432372968e-19	9.1086247722e-30	1.0650819256e-10	7.4774673662e-41	4.4263952206e-14	1.3660820877e-11	1.0071735738e-11	1.4334472214e-33	8.9319281447e-12	2.2102666421e-27	3.5182202361e-49	4.0003619472e-77	1.0512029475e-17	4.8599216869e-18	2.3292549935e-07	4.9167605673e-37	2.0890489017e-85	7.1144233741e-108	4.1005359419e-132	1.3710225437e-39	4.6560566238e-07	1.8550537387e-38	6.1376158719e-21	2.7043385944e-71	7.8097047278e-20	1.7703608503e-21	7.4051306623e-63	1.8812573987e-57	1.9969260959e-57	4.2788976730e-53	2.7724733346e-37	4.2681716533e-70	6.9435839549e-36	1.5830334257e-47	5.2441561133e-51	2.0971999735e-51	7.8957546880e-36	9.4085044148e-62	4.0912527091e-43	1.4323838762e-26	4.1049194664e-53	2.8452507487e-45	2.8048594916e-31	7.8704592276e-105	2.7975253258e-73	4.6926671784e-57	2.8296606446e-47	8.1425892231e-68	7.2031211891e-61	5.4801579498e-47	2.0929299938e-75	1.1537506828e-71	5.7012565449e-52	5.0751849088e-73	2.6571322577e-67	2.5831737328e-27	3.5265473424e-38
4.8175189272e-05	9.2000000000e+02	8.9937672401e+14	3.7927334294e+14	2.1112348035e+00	1.1693802161e-26	1.0252342278e-32	3.0970545045e-08	5.8367054529e-02	1.4057107558e-25	1.7324525536e-28	3.4452948059e-14	3.4962796185e-30	1.0512779198e-13	6.5250548781e-25	2.1828785868e-23	1.4497008718e-23	1.8426840908e-20	1.1862604694e-15	1.8558547650e-09	5.0489704594e-54	5.1149691142e-25	2.7220071008e-34	2.0271201704e-42	2.5081601725e-36	2.5615296816e-10	6.1365920850e-20	5.3306290494e-31	2.5209209557e-20	2.2526367091e-41	1.4007663155e-42	1.4825707122e-63	2.2907582810e-38	6.2777734032e-57	1.0752373096e-68	2.7416151696e-34	9.4451976510e-39	5.1024588361e-28	1.4311824425e-30	5.9278198603e-35	9.2401840010e-43	1.1513042003e-53	1.2641338639e-55	3.5065240106e-104	2.1679641894e-59	2.1994698779e-23	3.0944738929e-33	3.3182127552e-48	4.4203641274e-48	1.5507897339e-70	4.1610765184e-21	2.8426812590e-43	3.5888464671e-14	9.3134686910e-01	6.6318992450e-19	1.4572305419e-29	1.0650852593e-10	7.4774907703e-41	4.4264090750e-14	2.1855264677e-11	1.2739328858e-11	3.6689255137e-33	1.4289871203e-11	1.7474362510e-27	2.7815040332e-49	3.1626851487e-77	8.3108078571e-18	3.8422528626e-18	2.3292213053e-07	4.9166894557e-37	2.0890186876e-85	7.1143204775e-108	4.1004766354e-132	1.7341048848e-39	2.9103007960e-07	1.1595143291e-38	3.8363597784e-21	1.6903657751e-71	4.8815106263e-20	1.1065764462e-21	4.1830235697e-63	1.3011575465e-57	1.4267912764e-57	3.7432982562e-53	1.9809149553e-37	3.0495552763e-70	6.0743862223e-36	1.0948931760e-47	3.6270811780e-51	1.4984363383e-51	6.9074249990e-36	6.7223178917e-62	3.5791412419e-43	1.0234293714e-26	3.7097441734e-53	3.1483568008e-45	3.2062050790e-31	7.1127802669e-105	1.9987968645e-73	4.1052391732e-57	2.0217571480e-47	7.1233000294e-68	6.5095714947e-61	6.0638553626e-47	1.8914130515e-75	6.5173276743e-72	3.9432312574e-52	2.8668796085e-73	1.8377855638e-67	1.4591878391e-27	2.4391099755e-38
7.7073357450e-05	9.2000000000e+02	1.4388832243e+15	6.0678266911e+14	2.1112412159e+00	8.1124124455e-27	6.4082913481e-33	2.4485533875e-08	5.8367364494e-02	1.1113493142e-25	1.0828804198e-28	2.1535032969e-14	2.7641836110e-30	1.0512687107e-13	6.5249977191e-25	1.7257993847e-23	1.4497085721e-23	1.8426938785e-20	1.5004583434e-15	2.9691316085e-09	8.0777106399e-54	4.0438741708e-25	2.1520079520e-34	2.0270738886e-42	2.5081029078e-36	1.6011003195e-10	3.8357156735e-20	3.3319433834e-31	1.5757175787e-20	1.4080248144e-41	1.4007737559e-42	1.4825785871e-63	3.6649219259e-38	1.0043639079e-56	2.7521553380e-68	2.1675100129e-34	7.4673355725e-39	3.1893241493e-28	8.9456963249e-31	3.7052212748e-35	5.7756354191e-43	1.1512779145e-53	7.9015486249e-56	8.9752268523e-104	1.3550997208e-59	2.1994506107e-23	3.0944467855e-33	3.3181836879e-48	4.4203254053e-48	1.5507761491e-70	3.2897767832e-21	2.2474440849e-43	2.8373676220e-14	9.3135181611e-01	8.3883335803e-19	2.3313179342e-29	1.0650909167e-10	7.4775304882e-41	4.4264325866e-14	3.4965152052e-11	1.6113520401e-11	9.3906421180e-33	2.2861976632e-11	1.3815161271e-27	2.1990459893e-49	2.5004062581e-77	6.5704915282e-18	3.0376697809e-18	2.3291681260e-07	4.9165772011e-37	2.0889709925e-85	7.1141580481e-108	4.1003830161e-132	2.1933145132e-39	1.8191019092e-07	7.2476176093e-39	2.3979409300e-21	1.0565738129e-71	3.0512190741e-20	6.9167260259e-22	2.3557778509e-63	9.0265993290e-58	1.0163564450e-57	3.2846590047e-53	1.4110793324e-37	2.1722809755e-70	5.3300606253e-36	7.5956689753e-48	2.5162370703e-51	1.0673918849e-51	6.0611081912e-36	4.7885568322e-62	3.1406149617e-43	7.2902677135e-27	3.3424978701e-53	3.4943095937e-45	3.6539285701e-31	6.4086502346e-105	1.4237972456e-73	3.6022032308e-57	1.4401524786e-47	6.2504456615e-68	5.8649910884e-61	6.7299842396e-47	1.7041245649e-75	3.6704015472e-72	2.7355617864e-52	1.6145573579e-73	1.2749381489e-67	8.2177935035e-28	1.6920985877e-38
1.2330634459e-04	9.2000000000e+02	2.3020358401e+15	9.7076545469e+14	2.1112579203e+00	5.6420964990e-27	4.0055402774e-33	1.9358470012e-08	5.8367908871e-02	8.7862238054e-26	6.7686078888e-29	1.3460599284e-14	2.1853869233e-30	1.0512548488e-13	6.5249116808e-25	1.3644315785e-23	1.4497220915e-23	1.8427110627e-20	1.8978880465e-15	4.7502743598e-09	1.2923422333e-53	3.1970491233e-25	1.7013573730e-34	2.0270015282e-42	2.5080133762e-36	1.0007771915e-10	2.3975366893e-20	2.0826508502e-31	9.8491155976e-21	8.8009420910e-42	1.4007868189e-42	1.4825924130e-63	5.8634600788e-38	1.6068685220e-56	7.0444547455e-68	1.7136131575e-34	5.9036057100e-39	1.9935058573e-28	5.5915602135e-31	2.3159703962e-35	3.6100949601e-43	1.1512368174e-53	4.9389095394e-56	2.2973114387e-103	8.4701306738e-60	2.1994216089e-23	3.0944059823e-33	3.3181399346e-48	4.4202671192e-48	1.5507557006e-70	2.6009253271e-21	1.7768482869e-43	2.2432468208e-14	9.3136050150e-01	1.0609931105e-18	3.7296767791e-29	1.0651008493e-10	7.4776002205e-41	4.4264738656e-14	5.5939024666e-11	2.0381544006e-11	2.4035334858e-32	3.6576573802e-11	1.0922137377e-27	1.7385452057e-49	1.9767978176e-77	5.1945691910e-18	2.4015533372e-18	2.3290849818e-07	4.9164016943e-37	2.0888964226e-85	7.1139040943e-108	4.1002366449e-132	2.7740752019e-39	1.1370403701e-07	4.5301661039e-39	1.4988471117e-21	6.6041768918e-72	1.9071824660e-20	4.3233403694e-22	1.3233708266e-63	6.2779037450e-58	7.2216405063e-58	2.8895044988e-53	1.0026312830e-37	1.5434623568e-70	4.6887325082e-36	5.2827069163e-48	1.7500160970e-51	7.5842687968e-52	5.3319383720e-36	3.4024712645e-62	2.7627893939e-43	5.1800421870e-27	3.0040250979e-53	3.8880967485e-45	4.1536994443e-31	5.7596883884e-105	1.0116451219e-73	3.1687758501e-57	1.0232659420e-47	5.4983741882e-68	5.2708447059e-61	7.4880748405e-47	1.5314901260e-75	2.0618677298e-72	1.9025541023e-52	9.0698624427e-74	8.8670591079e-68	4.6163895196e-28	1.1768365553e-38
1.9727259426e-04	9.2000000000e+02	3.6830112200e+15	1.5530865041e+15	2.1112912337e+00	3.9322250949e-27	2.5036854794e-33	1.5305022735e-08	5.8368880877e-02	6.9462365572e-26	4.2307564307e-29	8.4136232910e-15	1.7277913246e-30	1.0512344900e-13	6.5247853183e-25	1.0787348543e-23	1.4497462280e-23	1.8427417420e-20	2.4006127178e-15	7.6000156630e-09	2.0676324083e-53	2.5275317346e-25	1.3450637092e-34	2.0268892727e-42	2.5078744823e-36	6.2554141240e-11	1.4985937925e-20	1.3017726277e-31	6.1562451003e-21	5.5010783545e-42	1.4008101407e-42	1.4826170968e-63	9.3810136137e-38	2.5708464419e-56	1.8031495182e-67	1.3547529204e-34	4.6672885543e-39	1.2460520485e-28	3.4950361609e-31	1.4476103222e-35	2.2565101596e-43	1.1511730618e-53	3.0870931863e-56	5.8803642916e-103	5.2943028176e-60	2.1993790146e-23	3.0943460555e-33	3.3180756749e-48	4.4201815155e-48	1.5507256685e-70	2.0563206306e-21	1.4047961130e-43	1.7735360063e-14	9.3137600776e-01	1.3419873890e-18	5.9667206813e-29	1.0651185822e-10	7.4777247154e-41	4.4265475622e-14	8.9494231338e-11	2.5780337170e-11	6.1518147814e-32	5.8519258623e-11	8.6348528799e-28	1.3744637664e-49	1.5628221601e-77	4.1067365472e-18	1.8986265265e-18	2.3289559970e-07	4.9161294236e-37	2.0887807394e-85	7.1135101258e-108	4.1000095735e-132	3.5085108062e-39	7.1071347855e-08	2.8316058030e-39	9.3686281735e-22	4.1279779112e-72	1.1920951273e-20	2.7023282144e-22	7.4185842082e-64	4.3753471168e-58	5.1205854895e-58	2.5472144936e-53	7.1092699709e-38	1.0943699429e-70	4.1331575281e-36	3.6817506948e-48	1.2196631543e-51	5.3777111606e-52	4.7003182400e-36	2.4125605491e-62	2.4355100295e-43	3.6729672205e-27	2.6942109325e-53	4.3353432345e-45	4.7120228439e-31	5.1656743806e-105	7.1729252705e-74	2.7933028248e-57	7.2553210359e-48	4.8468635454e-68	4.7269061062e-61	8.3488242267e-47	1.3734439985e-75	1.1558468021e-72	1.3259735963e-52	5.0844054393e-74	6.1798433168e-68	2.5878668096e-28	8.2018913295e-39
3.1560814899e-04	9.2000000000e+02	5.8925305483e+15	2.4847179541e+15	2.1113534387e+00	2.7452565962e-27	1.5649422592e-33	1.2100401032e-08	5.8370631553e-02	5.4914916752e-26	2.6444573735e-29	5.2589811100e-15	1.3660200505e-30	1.0512054376e-13	6.5246049965e-25	8.5286540058e-24	1.4497896987e-23	1.8427969968e-20	3.0365634614e-15	1.2159675463e-08	3.3081167430e-53	1.9981927429e-25	1.0633680700e-34	2.0267164710e-42	2.5076606743e-36	3.9099807034e-11	9.3670422049e-21	8.1368007833e-32	3.8479945644e-21	3.4384790180e-42	1.4008521441e-42	1.4826615532e-63	1.5009190259e-37	4.1132360490e-56	4.6156589480e-67	1.0710280773e-34	3.6898219677e-39	7.7885162652e-29	2.1845914077e-31	9.0483672445e-36	1.4104439780e-43	1.1510749189e-53	1.9296044273e-56	1.5052415668e-102	3.3092328412e-60	2.1993182315e-23	3.0942605388e-33	3.3179839751e-48	4.4200593574e-48	1.5506828119e-70	1.6257606874e-21	1.1106547590e-43	1.4021865432e-14	9.3140393513e-01	1.6973979346e-18	9.5453785225e-29	1.0651505198e-10	7.4779489355e-41	4.4266802925e-14	1.4317840305e-10	3.2609853849e-11	1.5745453474e-31	9.3628121932e-11	6.8264624040e-28	1.0866108963e-49	1.2355215391e-77	3.2466659284e-18	1.5009986600e-18	2.3287574427e-07	4.9157103008e-37	2.0886026612e-85	7.1129036661e-108	4.0996600287e-132	4.4371897781e-39	4.4423533465e-08	1.7699106454e-39	5.8559121186e-22	2.5802150995e-72	7.4512555873e-21	1.6891049838e-22	4.1515813554e-64	3.0546192659e-58	3.6245941117e-58	2.2493515047e-53	5.0322796344e-38	7.7460249456e-71	3.6496292093e-36	2.5703895724e-48	8.5149965699e-52	3.8065998990e-52	4.1506782928e-36	1.7077251768e-62	2.1507093978e-43	2.5999010049e-27	2.4122293133e-53	4.8424208907e-45	5.3363170058e-31	4.6250243870e-105	5.0770453299e-74	2.4665209372e-57	5.1353656134e-48	4.2798404485e-68	4.2316907580e-61	9.3242587334e-47	1.2295548387e-75	6.4683393743e-73	9.2571957956e-53	2.8453303532e-74	4.3144161942e-68	1.4482196731e-28	5.7260954624e-39
5.0492833152e-04	9.2000000000e+02	9.4278952490e+15	3.9751967586e+15	2.1114673055e+00	1.9192917923e-27	9.7817551301e-34	9.5668898139e-09	5.8373797364e-02	4.3413149938e-26	1.6529321978e-29	3.2871542159e-15	1.0800107593e-30	1.0511655200e-13	6.5243572366e-25	6.7429742960e-24	1.4498683089e-23	1.8428969165e-20	3.8411250760e-15	1.9455867978e-08	5.2930921391e-53	1.5796771858e-25	8.4064877438e-35	2.0264526744e-42	2.5073342782e-36	2.4439543106e-11	5.8549197327e-21	5.0859507649e-32	2.4052095436e-21	2.1492396652e-42	1.4009281008e-42	1.4827419457e-63	2.4015182397e-37	6.5813086685e-56	1.1815916600e-66	8.4670441581e-35	2.9169996752e-39	4.8682536677e-29	1.3654905210e-31	5.6557302475e-36	8.8160553760e-44	1.1509250955e-53	1.2061095478e-56	3.8533628713e-102	2.0684536525e-60	2.1992347165e-23	3.0941430400e-33	3.3178579808e-48	4.4198915138e-48	1.5506239276e-70	1.2853684203e-21	8.7811235941e-44	1.1086049232e-14	9.3145443753e-01	2.1469390587e-18	1.5270093730e-28	1.0652082742e-10	7.4783544033e-41	4.4269203150e-14	2.2906888475e-10	4.1250093711e-11	4.0300348323e-31	1.4980797677e-10	5.3966800538e-28	8.5902345947e-50	9.7674520879e-78	2.5666613570e-18	1.1866189323e-18	2.3284543325e-07	4.9150704738e-37	2.0883308094e-85	7.1119778533e-108	4.0991264185e-132	5.6113062589e-39	2.7767166731e-08	1.1062920969e-39	3.6602691293e-22	1.6127772215e-72	4.6574470806e-21	1.0557840868e-22	2.3200237327e-64	2.1355765774e-58	2.5620688411e-58	1.9891518113e-53	3.5571008653e-38	5.4748253063e-71	3.2271511450e-36	1.7970369751e-48	5.9530912525e-52	2.6907208618e-52	3.6705375869e-36	1.2071170812e-62	1.9019203913e-43	1.8377575942e-27	2.1567635958e-53	5.4165864121e-45	6.0350116716e-31	4.1352139773e-105	3.5884129535e-74	2.1809985097e-57	3.6296332396e-48	3.7844096514e-68	3.7828384772e-61	1.0427912505e-46	1.0991368746e-75	3.6146951185e-73	6.4719851454e-53	1.5900528935e-74	3.0163386555e-68	8.0930703850e-29	4.0032862642e-39
8.0781391076e-04	9.2000000000e+02	1.5085269217e+16	6.3597525414e+15	2.1116740568e+00	1.3434007862e-27	6.1141374658e-34	7.5639955894e-09	5.8379521970e-02	3.4319244986e-26	1.0331739595e-29	2.0546530229e-15	8.5390307388e-31	1.0511135059e-13	6.5240343962e-25	5.3312862202e-24	1.4500104593e-23	1.8430776009e-20	4.8591813710e-15	3.1132740663e-08	8.4698593277e-53	1.2487766591e-25	6.6455512389e-35	2.0260534904e-42	2.5068403670e-36	1.5276064895e-11	3.6596483577e-21	3.1790002620e-32	1.5033888692e-21	1.3433935511e-42	1.4010654529e-42	1.4828873191e-63	3.8428429222e-37	1.0531227712e-55	3.0252294951e-66	6.6934226885e-35	2.3059655109e-39	3.0429275469e-29	8.5350702842e-32	3.5351439229e-36	5.5105217579e-44	1.1506983787e-53	7.5388511323e-57	9.8657661592e-102	1.2928978292e-60	2.1991258932e-23	3.0939899345e-33	3.3176938054e-48	4.4196728073e-48	1.5505471991e-70	1.0162676952e-21	6.9427349356e-44	8.7651085278e-15	9.3154576072e-01	2.7155656684e-18	2.4427572441e-28	1.0653127111e-10	7.4790876084e-41	4.4273543465e-14	3.6649560978e-10	5.2183066926e-11	1.0315055583e-30	2.3971857208e-10	4.2662185339e-28	6.7908079917e-50	7.7214296031e-78	2.0290137904e-18	9.3805369806e-19	2.3279956583e-07	4.9141022710e-37	2.0879194364e-85	7.1105768892e-108	4.0983189457e-132	7.0953925677e-39	1.7356013535e-08	6.9149369084e-40	2.2878704610e-22	1.0080748805e-72	2.9111617815e-21	6.5992339359e-23	1.2949847665e-64	1.4947884759e-58	1.8089439468e-58	1.7611429331e-53	2.5114844594e-38	3.8649200349e-71	2.8568136544e-36	1.2578290049e-48	4.1668429474e-52	1.8997784671e-52	3.2497978763e-36	8.5228277325e-63	1.6839105178e-43	1.2975453362e-27	1.9261891943e-53	6.0661679984e-45	6.8176797169e-31	3.6931283008e-105	2.5332185671e-74	1.9307141324e-57	2.5623177805e-48	3.3501229661e-68	3.3774276870e-61	1.1675029859e-46	9.8134121621e-76	2.0176410475e-73	4.5300406991e-53	8.8753155670e-75	2.1112744490e-68	4.5173688162e-29	2.8020845690e-39
1.2923881338e-03	9.2000000000e+02	2.4139973747e+16	1.0174705596e+16	2.1120467351e+00	9.4122883568e-28	3.8216733564e-34	5.9806552269e-09	5.8389826678e-02	2.7128931787e-26	6.4579074575e-30	1.2842715360e-15	6.7515902432e-31	1.0510508296e-13	6.5236453781e-25	4.2153098084e-24	1.4502663461e-23	1.8434028532e-20	6.1477879320e-15	4.9825567826e-08	1.3555361379e-52	9.8714225255e-26	5.2532247234e-35	2.0254544399e-42	2.5060991605e-36	9.5483836478e-12	2.2874822001e-21	1.9870506133e-32	9.3970101551e-22	8.3969511155e-43	1.4013127023e-42	1.4831490079e-63	6.1501758787e-37	1.6854423654e-55	7.7473200462e-66	5.2910665025e-35	1.8228367517e-39	1.9019976565e-29	5.3348899795e-32	2.2096600570e-36	3.4443802253e-44	1.1503581476e-53	4.7121980281e-57	2.5265272622e-101	8.0813249847e-61	2.1989947627e-23	3.0938054447e-33	3.3174959765e-48	4.4194092690e-48	1.5504547424e-70	8.0353652135e-22	5.4894405332e-44	6.9303440902e-15	9.3171015285e-01	3.4348956393e-18	3.9076004417e-28	1.0655007094e-10	7.4804074611e-41	4.4281356524e-14	5.8640970348e-10	6.6021497164e-11	2.6403389426e-30	3.8365122112e-10	3.3723921270e-28	5.3680483607e-50	6.1036930471e-78	1.6039098977e-18	7.4151965749e-19	2.3273073314e-07	4.9126493007e-37	2.0873020937e-85	7.1084744794e-108	4.0971071810e-132	8.9706642680e-39	1.0848466340e-08	4.3222172042e-40	1.4300453061e-22	6.3010243614e-73	1.8196367809e-21	4.1248854227e-23	7.2212397707e-65	1.0472958117e-58	1.2760019841e-58	1.5608578913e-53	1.7715635462e-38	2.7256131851e-71	2.5313263595e-36	8.8127455476e-49	2.9194212004e-52	1.3400752951e-52	2.8802163441e-36	6.0118751141e-63	1.4924086913e-43	9.1526905867e-28	1.7187167775e-53	6.8008364037e-45	7.6952211158e-31	3.2953366389e-105	1.7864726475e-74	1.7107407648e-57	1.8069939517e-48	2.9684311256e-68	3.0122178021e-61	1.3082803894e-46	8.7522628322e-76	1.1250997040e-73	3.1738889664e-53	4.9491533342e-75	1.4792252705e-68	2.5190260301e-29	1.9632285640e-39
2.0676386554e-03	9.2000000000e+02	3.8636736898e+16	1.6278093281e+16	2.1127115376e+00	6.6001561848e-28	2.3887565094e-34	4.7290753427e-09	5.8408200701e-02	2.1443517914e-26	4.0365481394e-30	8.0274050273e-16	5.3386757357e-31	1.0509842507e-13	6.5232321375e-25	3.3331661700e-24	1.4507226200e-23	1.8439828133e-20	7.7797320450e-15	7.9764044098e-08	2.1700313514e-52	7.8026671828e-26	4.1523057135e-35	2.0245608881e-42	2.5049935670e-36	5.9682661143e-12	1.4298024677e-21	1.2420161653e-32	5.8736493373e-22	5.2485573113e-43	1.4017535747e-42	1.4836156271e-63	9.8456058086e-37	2.6981669256e-55	1.9848363278e-65	4.1822169859e-35	1.4408246091e-39	1.1888533789e-29	3.3346003117e-32	1.3811593384e-36	2.1529275050e-44	1.1498506543e-53	2.9453835175e-57	6.4728745724e-101	5.0512735814e-61	2.1988554673e-23	3.0936094675e-33	3.3172858295e-48	4.4191293213e-48	1.5503565287e-70	6.3537933653e-22	4.3406578186e-44	5.4800215211e-15	9.3200328177e-01	4.3450540448e-18	6.2508173440e-28	1.0658359307e-10	7.4827609009e-41	4.4295288052e-14	9.3840849676e-10	8.3547051855e-11	6.7593453224e-30	6.1417409284e-10	2.6656394566e-28	4.2430657457e-50	4.8245412765e-78	1.2677782853e-18	5.8611928341e-19	2.3262806139e-07	4.9104820308e-37	2.0863812571e-85	7.1053384968e-108	4.0952996966e-132	1.1339084445e-38	6.7808894614e-09	2.7016240057e-40	8.9385714451e-23	3.9384875565e-73	1.1373732917e-21	2.5782807648e-23	4.0233648221e-65	7.3439270735e-59	8.9936948056e-59	1.3846228699e-53	1.2486580790e-38	1.9203787558e-71	2.2446681946e-36	6.1797402317e-49	2.0471786628e-52	9.4453052353e-53	2.5550137796e-36	4.2373735041e-63	1.3239022058e-43	6.4511267861e-28	1.5324992126e-53	7.6320219610e-45	8.6801292976e-31	2.9382974537e-105	1.2586907559e-74	1.5170092032e-57	1.2731494020e-48	2.6322733575e-68	2.6838242013e-61	1.4670667200e-46	7.7980864429e-76	6.2685725914e-74	2.2256184784e-53	2.7574557910e-75	1.0372735564e-68	1.4034931725e-29	1.3766700145e-39
3.3079305394e-03	9.2000000000e+02	6.1858841220e+16	2.6042655832e+16	2.1138801888e+00	4.6318566310e-28	1.4931042954e-34	3.7398602574e-09	5.8440496211e-02	1.6947761779e-26	2.5230647585e-30	5.0175699700e-16	4.2219461024e-31	1.0509290673e-13	6.5228896257e-25	2.6359435592e-24	1.4515246137e-23	1.8450022105e-20	9.8483968631e-15	1.2775236461e-07	3.4755840121e-52	6.1667933960e-26	3.2817510797e-35	2.0232297996e-42	2.5033466082e-36	3.7304948145e-12	8.9370523855e-22	7.7632846378e-33	3.6713541211e-22	3.2806371999e-43	1.4025284971e-42	1.4844358048e-63	1.5769002654e-36	4.3214609884e-55	5.0887163446e-65	3.3053912829e-35	1.1387474919e-39	7.4309879623e-30	2.0843087310e-32	8.6330060545e-37	1.3456981876e-44	1.1490946617e-53	1.8410268122e-57	1.6595132894e-100	3.1573240102e-61	2.1987400132e-23	3.0934470330e-33	3.3171116506e-48	4.4188972885e-48	1.5502751250e-70	5.0247241942e-22	3.4326908519e-44	4.3337255618e-15	9.3251851515e-01	5.4970952107e-18	9.9993769274e-28	1.0664251499e-10	7.4868975475e-41	4.4319775531e-14	1.5020724758e-09	1.0576257879e-10	1.7308623286e-29	9.8367871800e-10	2.1067729036e-28	3.3534827523e-50	3.8130486134e-78	1.0019813192e-18	4.6323602449e-19	2.3247511536e-07	4.9072535349e-37	2.0850095235e-85	7.1006669480e-108	4.0926071588e-132	1.4328159735e-38	4.2384291332e-09	1.6886637008e-40	5.5870991316e-23	2.4617714969e-73	7.1092090828e-22	1.6115673864e-23	2.2398814933e-65	5.1538200552e-59	6.3348254583e-59	1.2294001915e-53	8.7950849554e-39	1.3518253136e-71	1.9918246515e-36	4.3368171856e-49	1.4366687391e-52	6.6529231155e-53	2.2685848243e-36	2.9846489269e-63	1.1754865969e-43	4.5439347324e-28	1.3657073531e-53	8.5735812415e-45	9.7868844843e-31	2.6185036982e-105	8.8603876743e-75	1.3461305038e-57	8.9621674079e-49	2.3357692579e-68	2.3888330609e-61	1.6460645804e-46	6.9409638297e-76	3.4898301193e-74	1.5618942066e-53	1.5351265590e-75	7.2793768298e-69	7.8135056653e-30	9.6611927913e-40
5.2922238020e-03	9.2000000000e+02	9.9090856750e+16	4.1664588002e+16	2.1158938888e+00	3.2531494668e-28	9.3327218991e-35	2.9581561624e-09	5.8496143044e-02	1.3392353662e-26	1.5770540475e-30	3.1362568096e-16	3.3394766169e-31	1.0509099529e-13	6.5227709867e-25	2.0849796909e-24	1.4529065075e-23	1.8467587064e-20	1.2474591926e-14	2.0477517049e-07	5.5710382412e-52	4.8730846702e-26	2.5932846864e-35	2.0212319311e-42	2.5008746412e-36	2.3317641478e-12	5.5861485878e-22	4.8524792790e-33	2.2947979663e-22	2.0505784313e-43	1.4038637452e-42	1.4858490310e-63	2.5276246093e-36	6.9269004404e-55	1.3062060061e-64	2.6119654990e-35	8.9985387698e-40	4.6447756062e-30	1.3028074327e-32	5.3961029319e-37	8.4113527661e-45	1.1479599710e-53	1.1507428717e-57	4.2597505522e-100	1.9735009151e-61	2.1987000223e-23	3.0933907691e-33	3.3170513187e-48	4.4188169172e-48	1.5502469285e-70	3.9744583531e-22	2.7151911831e-44	3.4278919784e-15	9.3340630000e-01	6.9562134900e-18	1.5997015348e-27	1.0674404178e-10	7.4940252925e-41	4.4361969251e-14	2.4053488617e-09	1.3396545954e-10	4.4342853033e-29	1.5767455875e-09	1.6648008262e-28	2.6499680373e-50	3.0131232801e-78	7.9177937269e-19	3.6605545617e-19	2.3224555433e-07	4.9024077941e-37	2.0829506497e-85	7.0936552883e-108	4.0885658527e-132	1.8096214312e-38	2.6492509941e-09	1.0555075589e-40	3.4922438157e-23	1.5387423927e-73	4.4436461336e-22	1.0073181281e-23	1.2459840760e-65	3.6197465294e-59	4.4593303476e-59	1.0926717826e-53	6.1912028215e-39	9.5068010155e-72	1.7685868481e-36	3.0459307442e-49	1.0090334211e-52	4.6832516767e-53	2.0162829330e-36	2.1010106157e-63	1.0447542177e-43	3.1986526200e-28	1.2165786276e-53	9.6428688748e-45	1.1032515328e-30	2.3325759802e-105	6.2311262921e-75	1.1952601867e-57	6.3027035637e-49	2.0739831624e-68	2.1238606039e-61	1.8477726599e-46	6.1710631321e-76	1.9412958987e-74	1.0969845809e-53	8.5394841326e-76	5.1126152511e-69	4.3464369279e-30	6.7854656743e-40
8.4668164615e-03	9.2000000000e+02	1.5886669494e+17	6.6657502169e+16	2.1192599049e+00	2.2869110228e-28	5.8334621043e-35	2.3405885977e-09	5.8589159573e-02	1.0579991326e-26	9.8574511511e-31	1.9603321995e-16	2.6423016442e-31	1.0509446391e-13	6.5229862764e-25	1.6497032012e-24	1.4552164285e-23	1.8496947982e-20	1.5816201879e-14	3.2865411935e-07	8.9412435241e-52	3.8497485090e-26	2.0487010858e-35	2.0181567672e-42	2.4970697343e-36	1.4574802442e-12	3.4916486796e-22	3.0330651971e-33	1.4343743570e-22	1.2817237779e-43	1.4060956950e-42	1.4882113261e-63	4.0567137024e-36	1.1117335948e-54	3.3592731919e-64	2.0634589722e-35	7.1088670845e-40	2.9032390309e-30	8.1432596729e-33	3.3728597406e-37	5.2575559560e-45	1.1462134297e-53	7.1927729194e-58	1.0955137066e-99	1.2335461107e-61	2.1987725923e-23	3.0934928691e-33	3.3171608008e-48	4.4189627641e-48	1.5502980957e-70	3.1447196809e-22	2.1483468671e-44	2.7122587309e-15	9.3489028734e-01	8.8058882180e-18	2.5594672292e-27	1.0691375009e-10	7.5059397597e-41	4.4432498667e-14	3.8544664639e-09	1.6985122764e-10	1.1368577010e-28	2.5305994436e-09	1.3151966223e-28	2.0934810681e-50	2.3803745759e-78	6.2550759237e-19	2.8918468320e-19	2.3189220887e-07	4.8949491215e-37	2.0797815851e-85	7.0828627851e-108	4.0823453841e-132	2.2836882891e-38	1.6559269038e-09	6.5975000781e-41	2.1828435668e-23	9.6179823346e-74	2.7775220997e-22	6.2962897543e-24	6.9247381238e-66	2.5446227794e-59	3.1372305842e-59	9.7234617496e-54	4.3556384772e-39	6.6778338915e-72	1.5713827715e-36	2.1412396402e-49	7.0933403975e-53	3.2947638431e-53	1.7942487659e-36	1.4781041653e-63	9.2970531817e-44	2.2503178831e-28	1.0834351184e-53	1.0862339572e-44	1.2437216589e-30	2.0772972287e-105	4.3769114624e-75	1.0619841863e-57	4.4271892719e-49	1.8427262497e-68	1.8855478717e-61	2.0749826941e-46	5.4786246017e-76	1.0789034931e-74	7.7116227077e-54	4.7459427829e-76	3.5940851450e-69	2.4155956787e-30	4.7700717117e-40
1.3545725887e-02	9.2000000000e+02	2.5501673238e+17	1.0664271002e+17	2.1246127730e+00	1.6095032734e-28	3.6462315409e-35	1.8528124482e-09	5.8737078683e-02	8.3542303856e-27	6.1614438660e-31	1.2253143963e-16	2.0916488200e-31	1.0509679872e-13	6.5231311932e-25	1.3059068262e-24	1.4588897607e-23	1.8543638930e-20	2.0081012162e-14	5.2845862673e-07	1.4377051726e-51	3.0398593892e-26	1.6177065116e-35	2.0131647063e-42	2.4908930466e-36	9.1100453583e-13	2.1824706011e-22	1.8958309473e-33	8.9656209787e-23	8.0114717165e-44	1.4096450341e-42	1.4919679457e-63	6.5229833615e-36	1.7876094477e-54	8.6635175699e-64	1.6293597143e-35	5.6133423528e-40	1.8146825223e-30	5.0899808268e-33	2.1082210443e-37	3.2862588309e-45	1.1433781855e-53	4.4958748366e-58	2.8253141985e-99	7.7103350558e-62	2.1988214409e-23	3.0935615952e-33	3.3172344959e-48	4.4190609372e-48	1.5503325376e-70	2.4893634776e-22	1.7006336878e-44	2.1470269249e-15	9.3725018552e-01	1.1152476809e-17	4.0949726678e-27	1.0718362728e-10	7.5248866391e-41	4.4544657467e-14	6.1823123657e-09	2.1565130453e-10	2.9173233404e-28	4.0690714889e-09	1.0385127214e-28	1.6530659253e-50	1.8796043397e-78	4.9391671253e-19	2.2834758488e-19	2.3131860624e-07	4.8828411006e-37	2.0746370906e-85	7.0653427970e-108	4.0722473990e-132	2.8778258393e-38	1.0350445067e-09	4.1237968887e-41	1.3643961201e-23	6.0117628127e-74	1.7361025930e-22	3.9355240305e-24	3.8441159852e-66	1.7908780237e-59	2.2056067447e-59	8.6666651831e-54	3.0621993969e-39	4.6830847149e-72	1.3971011728e-36	1.5069813279e-49	4.9922163457e-53	2.3163593365e-53	1.5992404465e-36	1.0391701945e-63	8.2866009236e-44	1.5820693339e-28	9.6465731507e-54	1.2261482889e-44	1.4024321624e-30	1.8495623758e-105	3.0694754469e-75	9.4419983412e-58	3.1047346709e-49	1.6383500260e-68	1.6704644538e-61	2.3305778916e-46	4.8536808797e-76	5.9892953209e-75	5.4273567566e-54	2.6346056978e-76	2.5294782998e-69	1.3409647840e-30	3.3571249418e-40
2.1671288187e-02	9.2000000000e+02	4.0999898797e+17	1.7061358846e+17	2.1325043162e+00	1.1344770063e-28	2.2790916971e-35	1.4675562414e-09	5.8955140226e-02	6.5905808225e-27	3.8512352821e-31	7.6588769407e-17	1.6567312484e-31	1.0506364614e-13	6.5210734842e-25	1.0343689753e-24	1.4643048759e-23	1.8612469312e-20	2.5541145429e-14	8.5174874245e-07	2.3172364134e-51	2.3981190449e-26	1.2761948163e-35	2.0044546629e-42	2.4801160911e-36	5.6942705100e-13	1.3641620315e-22	1.1849967624e-33	5.6039974704e-23	5.0076026346e-44	1.4148773624e-42	1.4975058406e-63	1.0513486949e-35	2.8811983041e-54	2.2422614301e-63	1.2853879281e-35	4.4283177208e-40	1.1342746128e-30	3.1815129979e-33	1.3177520472e-37	2.0540893062e-45	1.1384313108e-53	2.8101646580e-58	7.3123797625e-99	4.8193759530e-62	2.1981278270e-23	3.0925857372e-33	3.3161880808e-48	4.4176669531e-48	1.5498434883e-70	1.9717489010e-22	1.3470200857e-44	1.7005945567e-15	9.4072907597e-01	1.4127979248e-17	6.5472573824e-27	1.0758147206e-10	7.5528175551e-41	4.4709998574e-14	9.9244261005e-09	2.7428803321e-10	7.4900454004e-28	6.5583687129e-09	8.1927379419e-29	1.3040895549e-50	1.4828037704e-78	3.8964666561e-19	1.8014145461e-19	2.3031779638e-07	4.8617152794e-37	2.0656610844e-85	7.0347742886e-108	4.0546286462e-132	3.6164388383e-38	6.4695873395e-10	2.5775958394e-41	8.5282128521e-24	3.7576765374e-74	1.0851579118e-22	2.4599151318e-24	2.1307267586e-66	1.2623210978e-59	1.5491914690e-59	7.7410806303e-54	2.1508517751e-39	3.2761439688e-72	1.2428862346e-36	1.0622132267e-49	3.5188214577e-53	1.6269827483e-53	1.4284443880e-36	7.2990056095e-64	7.4016065632e-44	1.1112263423e-28	8.5860975031e-54	1.3878365056e-44	1.5817955721e-30	1.6462357848e-105	2.1473118862e-75	8.3997708929e-58	2.1719781695e-49	1.4575055368e-68	1.4749180486e-61	2.6167777016e-46	4.2855036607e-76	3.3197624251e-75	3.8255352115e-54	1.4603162028e-76	1.7829320490e-69	7.4327350126e-31	2.3663083616e-40
3.4671103287e-02	9.2000000000e+02	6.5777653588e+17	2.7295845529e+17	2.1331858824e+00	8.0035395957e-29	1.4245538298e-35	1.1604376259e-09	5.8973810109e-02	5.1781215029e-27	2.4072273958e-31	4.7872064525e-17	1.3100235770e-31	1.0442656617e-13	6.4815313073e-25	8.1790438022e-25	1.4647669729e-23	1.8618342929e-20	3.2321193027e-14	1.3635419271e-06	3.7096021951e-51	1.8841665291e-26	1.0026873197e-35	1.9795946210e-42	2.4493567074e-36	3.5592226823e-13	8.5267400560e-23	7.4068615950e-34	3.5027972192e-23	3.1300186476e-44	1.4153238613e-42	1.4979784150e-63	1.6830761867e-35	4.6124337990e-54	5.7446451448e-63	1.0099102112e-35	3.4792634867e-40	7.0898211156e-31	1.9886152592e-33	8.2366529089e-38	1.2839153386e-45	1.1243120340e-53	1.7565027468e-58	1.8734223555e-98	3.0123669355e-62	2.1847989235e-23	3.0738330621e-33	3.2960795364e-48	4.3908793132e-48	1.5404456206e-70	1.5591168155e-22	1.0651263279e-44	1.3447075175e-15	9.4102594589e-01	1.7764318850e-17	1.0348071152e-26	1.0761542201e-10	7.5552010303e-41	4.4724107900e-14	1.5786428831e-08	3.4709940834e-10	1.8945427400e-27	1.0499118188e-08	6.4369125646e-29	1.0246038017e-50	1.1650169075e-78	3.0613960015e-19	1.4153446635e-19	2.2746130369e-07	4.8014183578e-37	2.0400419361e-85	6.9475262271e-108	4.0043415332e-132	4.4894447660e-38	4.0438370399e-10	1.6111348348e-41	5.3305877494e-24	2.3487481919e-74	6.7828155456e-23	1.5375781179e-24	1.1799822963e-66	8.9054576095e-60	1.0853325067e-59	6.9087260704e-54	1.5068436635e-39	2.2805636128e-72	1.1021717079e-36	7.4937310952e-50	2.4824678429e-53	1.1398315186e-53	1.2748518527e-36	5.1135371019e-64	6.6057537272e-44	7.7850291313e-29	7.6096295027e-54	1.5669122351e-44	1.7734871019e-30	1.4590165360e-105	1.4947698880e-75	7.4487829805e-58	1.5119403873e-49	1.2924926852e-68	1.2905611380e-61	2.9168640766e-46	3.7498384987e-76	1.8384623339e-75	2.6988491057e-54	8.0871339292e-77	1.2578278071e-69	4.1161991761e-31	1.6693897330e-40
5.5469133107e-02	9.2000000000e+02	1.0555327507e+18	4.3669706048e+17	2.1331994159e+00	5.6605126166e-29	8.9042049524e-36	9.1744475015e-10	5.8973907875e-02	4.0521744266e-27	1.5046427625e-31	2.9922538910e-17	1.0357077592e-31	1.0336386183e-13	6.4155715453e-25	6.4663715049e-25	1.4647668136e-23	1.8618340905e-20	4.0881721046e-14	2.1814844363e-06	5.9348666093e-51	1.4744674146e-26	7.8465982546e-36	1.9395088743e-42	2.3997585262e-36	2.2246999426e-13	5.3296575702e-23	4.6296750825e-34	2.1894310831e-23	1.9564250195e-44	1.4153237075e-42	1.4979782522e-63	2.6926964500e-35	7.3792762408e-54	1.4703830879e-62	7.9031214863e-36	2.7227214572e-40	4.4315082355e-31	1.2429883286e-33	5.1483379628e-38	8.0251409788e-46	1.1015453085e-53	1.0979058937e-58	4.7951587584e-98	1.8828865589e-62	2.1625651627e-23	3.0425519824e-33	3.2625367498e-48	4.3461952191e-48	1.5247691668e-70	1.2326414667e-22	8.4209141096e-45	1.0631289652e-15	9.4102584361e-01	2.2240683195e-17	1.6220288775e-26	1.0761541032e-10	7.5552002091e-41	4.4724103039e-14	2.4999153030e-08	4.3903147928e-10	4.7510243083e-27	1.6797182739e-08	5.0372499885e-29	8.0181071848e-51	9.1169195555e-79	2.3957163964e-19	1.1075876546e-19	2.2285533229e-07	4.7041921691e-37	1.9987321632e-85	6.8068424862e-108	3.9232557296e-132	5.5069071009e-38	2.5276092095e-10	1.0070433615e-41	3.3318955622e-24	1.4680902079e-74	4.2396137308e-23	9.6106657436e-25	6.5183007247e-67	6.2983951729e-60	7.5833927147e-60	6.1803557302e-54	1.0528558934e-39	1.5772506084e-72	9.7593868905e-37	5.2999499662e-50	1.7557282471e-53	7.9641860724e-54	1.1404472941e-36	3.5729105841e-64	5.9093250310e-44	5.4395250150e-29	6.7252136143e-54	1.7729725276e-44	1.9824965500e-30	1.2894471670e-105	1.0337912532e-75	6.5956651262e-58	1.0456664670e-49	1.1444619815e-68	1.1174721481e-61	3.2336207240e-46	3.2469132681e-76	1.0155788270e-75	1.9087641450e-54	4.4673865969e-77	8.8960016832e-70	2.2738158154e-31	1.1806778155e-40
8.8743457832e-02	9.2000000000e+02	1.6941645484e+18	6.9865896584e+17	2.1332210725e+00	4.0190917845e-29	5.5655767961e-36	7.2533293549e-10	5.8974064267e-02	3.1516746555e-27	9.4047754858e-32	1.8703094676e-17	8.1883181433e-32	1.0168676265e-13	6.3114776228e-25	5.1123211777e-25	1.4647665592e-23	1.8618337671e-20	5.1709643234e-14	3.4900924890e-06	9.4950177188e-51	1.1468019615e-26	6.1028776768e-36	1.8770819564e-42	2.3225175657e-36	1.3905495712e-13	3.3313045536e-23	2.8937802252e-34	1.3685047568e-23	1.2228642254e-44	1.4153234616e-42	1.4979779920e-63	4.3079654838e-35	1.1805886007e-53	3.7635718261e-62	6.1468399593e-36	2.1176611141e-40	2.7699159599e-31	7.7693034205e-34	3.2179706619e-38	5.0161175148e-46	1.0660899005e-53	6.8624650927e-59	1.2273620768e-97	1.1768989817e-62	2.1274771134e-23	2.9931859723e-33	3.2096014430e-48	4.2756773385e-48	1.5000294842e-70	9.7452784301e-23	6.6575849386e-45	8.4051105309e-16	9.4102568014e-01	2.7674913013e-17	2.5115101546e-26	1.0761539162e-10	7.5551988966e-41	4.4724095270e-14	3.9346479659e-08	5.5531324468e-10	1.1769242239e-26	2.6873316324e-08	3.9178405100e-29	6.2362728103e-51	7.0909001623e-79	1.8633251813e-19	8.6145253686e-20	2.1568229395e-07	4.5527784673e-37	1.9343990269e-85	6.5877508375e-108	3.7969780072e-132	6.6318917716e-38	1.5798831273e-10	6.2945284791e-42	2.0826026273e-24	9.1763035998e-75	2.6499722244e-23	6.0071503906e-25	3.5866772254e-67	4.4720028042e-60	5.2779332757e-60	5.5504485457e-54	7.3277269996e-40	1.0799330236e-72	8.6224942355e-37	3.7630841605e-50	1.2466067036e-53	5.5429600267e-54	1.0242119227e-36	2.4866948570e-64	5.3070415291e-44	3.7858319040e-29	5.9203703957e-54	2.0139981185e-44	2.2074845943e-30	1.1351351560e-105	7.0783000994e-76	5.8273214463e-58	7.1596089005e-50	1.0111410634e-68	9.5207473780e-62	3.5549841866e-46	2.7663365961e-76	5.5881948428e-76	1.3552656470e-54	2.4581673109e-77	6.3163620862e-70	1.2511609612e-31	8.3830791126e-41
1.4197873954e-01	9.2000000000e+02	2.7189482088e+18	1.1177693744e+18	2.1332557216e+00	2.8705483776e-29	3.4787499263e-36	5.7344775001e-10	5.8974314416e-02	2.4274103950e-27	5.8784315132e-32	1.1690322784e-17	6.4736790320e-32	9.9062588929e-14	6.1486008308e-25	4.0417978190e-25	1.4647661529e-23	1.8618332506e-20	6.5405586663e-14	5.5837204191e-06	1.5190865137e-50	8.8326344138e-27	4.7004181368e-36	1.7814509159e-42	2.2041930724e-36	8.6915954906e-14	2.0822236212e-23	1.8087501285e-34	8.5538049268e-24	7.6434824094e-45	1.4153230690e-42	1.4979775764e-63	6.8922170149e-35	1.8887971299e-53	9.6332711904e-62	4.7342777554e-36	1.6310162575e-40	1.7313290777e-31	4.8561837688e-34	2.0113845542e-38	3.1353117698e-46	1.0117761897e-53	4.2893667287e-59	3.1415666503e-97	7.3561777978e-63	2.0725744950e-23	2.9159424869e-33	3.1267730440e-48	4.1653373119e-48	1.4613190577e-70	7.7046108285e-23	5.2634823496e-45	6.6450749535e-16	9.4102541909e-01	3.4101614582e-17	3.8134004484e-26	1.0761536177e-10	7.5551968008e-41	4.4724082863e-14	6.1325060271e-08	7.0239487799e-10	2.8589912466e-26	4.2994013930e-08	3.0175090450e-29	4.8031586697e-51	5.4613901006e-79	1.4351274826e-19	6.6348816783e-20	2.0469400326e-07	4.3208296488e-37	1.8358478736e-85	6.2521269906e-108	3.6035346914e-132	7.7556259231e-38	9.8750201710e-11	3.9343793617e-42	1.3017255896e-24	5.7356257295e-75	1.6563585443e-23	3.7547544026e-25	1.9619205214e-67	3.1940301647e-60	3.6517112948e-60	5.0142785004e-54	5.0699283322e-40	7.2790505304e-73	7.5885474926e-37	2.6877005331e-50	8.9036156487e-54	3.8350787475e-54	9.2527365697e-37	1.7205014202e-64	4.7943844576e-44	2.6193520081e-29	5.1811342089e-54	2.3013509671e-44	2.4435265926e-30	9.9340307674e-106	4.7709721774e-76	5.1285514774e-58	4.8257765828e-50	8.8989238746e-69	7.9074736222e-62	3.8552470603e-46	2.2975857666e-76	3.0567551666e-76	9.6796883795e-55	1.3446230562e-77	4.5113234311e-70	6.8438786403e-32	5.9874308517e-41
2.2715039044e-01	9.2000000000e+02	4.3621278868e+18	1.7883082398e+18	2.1333111529e+00	2.0682775169e-29	2.1743679541e-36	4.5336571193e-10	5.8974714487e-02	1.8406781365e-27	3.6742719004e-32	7.3069532943e-18	5.1180671701e-32	9.5014373654e-14	5.8973368564e-25	3.1954307008e-25	1.4647655047e-23	1.8618324268e-20	8.2729355865e-14	8.9333315322e-06	2.4303694373e-50	6.6976878269e-27	3.5642744691e-36	1.6388278096e-42	2.0277251944e-36	5.4326200805e-14	1.3014790977e-23	1.1305464318e-34	5.3464950664e-24	4.7775044371e-45	1.4153224428e-42	1.4979769136e-63	1.1026780527e-34	3.0218652963e-53	2.4657756112e-61	3.5899498389e-36	1.2367813748e-40	1.0821549534e-31	3.0353232022e-34	1.2572016416e-38	1.9597043716e-46	9.3077330504e-54	2.6810382338e-59	8.0412959150e-97	4.5979267286e-63	1.9878782659e-23	2.7967818326e-33	2.9989967509e-48	3.9951198533e-48	1.4016019214e-70	6.0912373852e-23	4.1612900610e-45	5.2535721642e-16	9.4102500271e-01	4.1371338051e-17	5.6125711128e-26	1.0761531415e-10	7.5551934578e-41	4.4724063074e-14	9.4103894886e-08	8.8843596982e-10	6.7321261940e-26	6.8785639593e-08	2.2881433388e-29	3.6421814654e-51	4.1413109929e-79	1.0882411091e-19	5.0311565234e-20	1.8830618458e-07	3.9749036731e-37	1.6888697424e-85	5.7515811914e-108	3.3150354088e-132	8.6556788707e-38	6.1723112787e-11	2.4591558993e-42	8.1363434192e-25	3.5850121587e-75	1.0352951536e-23	2.3468825933e-25	1.0637929961e-67	2.3013514872e-60	2.5044775390e-60	4.5698019829e-54	3.4771427989e-40	4.7882329263e-73	6.6332660234e-37	1.9365326249e-50	6.4152021296e-54	2.6302376634e-54	8.4325539396e-37	1.1799829764e-64	4.3693998247e-44	1.7964476766e-29	4.4945947284e-54	2.6528749289e-44	2.6811910147e-30	8.6177588089e-106	3.1383936648e-76	4.4829456886e-58	3.1744445559e-50	7.7786861636e-69	6.3104903096e-62	4.0883285599e-46	1.8335682683e-76	1.6574344890e-76	6.9743753500e-55	7.2908182257e-78	3.2504830424e-70	3.7108894494e-32	4.3140428188e-41
3.6341996415e-01	9.2000000000e+02	7.9412467902e+18	2.8611305275e+18	2.1333998270e+00	1.5091217686e-29	1.3590572297e-36	3.5842712732e-10	5.8975354235e-02	1.3618372598e-27	2.2965504900e-32	4.5671054356e-18	4.0463009551e-32	8.8916869081e-14	5.5188779236e-25	2.5262806968e-25	1.4647644726e-23	1.8618311149e-20	1.0464219252e-13	1.4292497775e-05	3.8883645648e-50	4.9553263313e-27	2.6370508129e-36	1.4352360537e-42	1.7758206743e-36	3.3955805792e-14	8.1347067949e-24	7.0663168984e-35	3.3417493853e-24	2.9861100249e-45	1.4153214455e-42	1.4979758581e-63	1.7641821037e-34	4.8347028059e-53	6.3116545613e-61	2.6560468963e-36	9.1504045438e-41	6.7638529643e-32	1.8971848508e-34	7.8579569619e-39	1.2248848634e-46	8.1514323675e-54	1.6757441573e-59	2.0583333622e-96	2.8738675764e-63	1.8603070748e-23	2.6172996199e-33	2.8065374871e-48	3.7387348387e-48	1.3116547503e-70	4.8156811606e-23	3.2898810017e-45	4.1534300663e-16	9.4102433964e-01	4.8971331604e-17	7.8640606589e-26	1.0761523832e-10	7.5551881342e-41	4.4724031560e-14	1.4089560256e-07	1.1237593576e-09	1.5091493947e-25	1.1005061184e-07	1.6928971952e-29	2.6946907926e-51	3.0639749029e-79	8.0514200749e-20	3.7223326977e-20	1.6491288692e-07	3.4811009601e-37	1.4790612718e-85	5.0370616383e-108	2.9032082016e-132	8.9729200492e-38	3.8579138604e-11	1.5370598144e-42	5.0855037331e-25	2.2407599799e-75	6.4709625654e-24	1.4668850090e-25	5.6957519402e-68	1.6791845379e-60	1.6961278104e-60	4.2175510518e-54	2.3548538607e-40	3.0346727221e-73	5.7290886118e-37	1.4129939121e-50	4.6808617821e-54	1.7812973681e-54	7.7825531326e-37	7.9912952337e-65	4.0325963566e-44	1.2166229549e-29	3.8501660998e-54	3.0969003825e-44	2.9051206727e-30	7.3822420342e-106	1.9890422610e-76	3.8718774433e-58	2.0118904928e-50	6.7183770645e-69	4.7341536420e-62	4.1797140160e-46	1.3755498336e-76	8.8742224678e-77	5.0888633546e-55	3.9036440557e-78	2.3717197899e-70	1.9868814572e-32	3.1477477637e-41
5.8144985886e-01	9.2000000000e+02	1.1044337901e+19	4.5776349829e+18	2.1335416755e+00	1.1202779263e-29	8.4944302968e-37	2.8336674677e-10	5.8976377065e-02	9.6988798727e-28	1.4353985714e-32	2.8545493105e-18	3.1989407350e-32	8.0099910532e-14	4.9716283590e-25	1.9972370613e-25	1.4647628322e-23	1.8618290298e-20	1.3236033120e-13	2.2867076716e-05	6.2211330869e-50	3.5291378960e-27	1.8780833663e-36	1.1647147081e-42	1.4411040281e-36	2.1223184658e-14	5.0843848472e-24	4.4166158006e-35	2.0886726917e-24	1.8663896494e-45	1.4153198605e-42	1.4979741805e-63	2.8225778405e-34	7.7352133757e-53	1.6156554098e-60	1.8916122024e-36	6.5168340650e-41	4.2275686620e-32	1.1857855668e-34	4.9114096321e-39	7.6558211576e-47	6.6150046510e-54	1.0473798769e-59	5.2689154634e-96	1.7962354547e-63	1.6758398242e-23	2.3577693138e-33	2.5282424353e-48	3.3680034978e-48	1.1815916286e-70	3.8072004041e-23	2.6009272336e-45	3.2836352947e-16	9.4102328578e-01	5.5800910224e-17	1.0210478165e-25	1.0761511780e-10	7.5551796731e-41	4.4723981473e-14	2.0307118801e-07	1.4214262639e-09	3.1349777432e-25	1.7607389717e-07	1.2056658323e-29	1.9191340304e-51	2.1821347817e-79	5.7341474210e-20	2.6510111558e-20	1.3382918054e-07	2.8249635161e-37	1.2002795031e-85	4.0876479940e-108	2.3559952277e-132	8.2971679040e-38	2.4112877413e-11	9.6069887050e-43	3.1785605521e-25	1.4005281782e-75	4.0445052101e-24	9.1683795129e-26	2.9973854527e-68	1.2465219250e-60	1.1290199198e-60	3.9601655759e-54	1.5674979802e-40	1.8197144579e-73	4.8460388437e-37	1.0489185980e-50	3.4747799945e-54	1.1857126564e-54	7.3076054397e-37	5.3193700665e-65	3.7864981542e-44	8.0983964921e-30	3.2417087710e-54	3.6781694479e-44	3.0939280367e-30	6.2157112129e-106	1.1927114688e-76	3.2750878472e-58	1.2064122074e-50	5.6828438914e-69	3.2346968780e-62	4.0285408815e-46	9.3986952867e-77	4.6700533323e-77	3.7776549282e-55	2.0542899388e-78	1.7606169252e-70	1.0455949694e-32	2.3366917175e-41
9.3031252433e-01	9.2000000000e+02	1.7673436401e+19	7.3241588961e+18	2.1337685837e+00	8.5014941765e-30	5.3090603082e-37	2.2402175712e-10	5.8978012117e-02	6.5291665401e-28	8.9713109833e-33	1.7841072224e-18	2.5289923132e-32	6.8206554334e-14	4.2334334402e-25	1.5789592850e-25	1.4647602300e-23	1.8618257221e-20	1.6742294886e-13	3.6586907626e-05	9.9537000032e-50	2.3757721890e-27	1.2643026036e-36	8.4451718238e-43	1.0449229369e-36	1.3264593780e-14	3.1777652934e-24	2.7604063868e-35	1.3054306054e-24	1.1665026212e-45	1.4153173460e-42	1.4979715192e-63	4.5160733049e-34	1.2376200979e-52	4.1359913418e-60	1.2734100495e-36	4.3870524724e-41	2.6422510044e-32	7.4112175474e-35	3.0696549415e-39	4.7849255118e-47	4.7964407511e-54	6.5461752438e-60	1.3488141472e-95	1.1226559079e-63	1.4270085855e-23	2.0076841502e-33	2.1528451641e-48	2.8679172304e-48	1.0061471115e-70	3.0098652505e-23	2.0562197071e-45	2.5959494431e-16	9.4102161397e-01	6.0102602240e-17	1.1845430197e-25	1.0761492662e-10	7.5551662507e-41	4.4723902018e-14	2.7666754447e-07	1.7979660109e-09	5.8190896161e-25	2.8171503909e-07	8.1163939694e-30	1.2919374053e-51	1.4689862736e-79	3.8601574582e-20	1.7846280769e-20	9.7037533471e-08	2.0483387153e-37	8.7030468235e-86	2.9638923098e-108	1.7082968366e-132	6.4799487824e-38	1.5070665827e-11	6.0044147322e-43	1.9866158265e-25	8.7533693277e-76	2.5278354554e-24	5.7302818508e-26	1.5429075914e-68	9.4595266383e-61	7.3511763013e-61	3.8013752299e-54	1.0206156510e-40	1.0089120999e-73	3.9610391785e-37	7.9599670252e-51	2.6369190353e-54	7.7203091171e-55	7.0145931466e-37	3.4635019707e-65	3.6346713326e-44	5.2729574855e-30	2.6698517294e-54	4.4659827595e-44	3.2231555764e-30	5.1193731654e-106	6.6128014058e-77	2.6769804565e-58	6.6887629992e-51	4.6450241167e-69	1.9316855833e-62	3.5466863750e-46	5.6126817663e-77	2.4039152964e-77	2.8667628468e-55	1.0574480966e-78	1.3360858217e-70	5.3822120692e-33	1.7732538115e-41
1.4885603254e+00	9.2000000000e+02	2.8280609006e+19	1.1719128857e+19	2.1341148425e+00	6.6202946777e-30	3.3180283076e-37	1.7710021961e-10	5.8980163468e-02	4.0771644825e-28	5.6068422792e-33	1.1150218539e-18	1.9992928357e-32	5.3875717694e-14	3.3439493774e-25	1.2482449907e-25	1.4647446234e-23	1.8618058850e-20	2.1177604430e-13	5.8540175646e-05	1.5926225645e-49	1.4835605629e-27	7.8949887995e-37	5.2692285199e-43	6.5196278476e-37	8.2900353539e-15	1.9860228715e-24	1.7251841193e-35	8.1586108477e-25	7.2903461130e-46	1.4153022663e-42	1.4979555588e-63	7.2258559591e-34	1.9802301592e-52	1.0588657059e-59	7.9518606142e-37	2.7395126795e-41	1.6513399961e-32	4.6318233715e-35	1.9184566381e-39	2.9904573269e-47	2.9926617158e-54	4.0911938280e-60	3.4531335442e-95	7.0163152530e-64	1.1271807006e-23	1.5858508841e-33	1.7005122078e-48	2.2653409278e-48	7.9474616872e-71	2.3794465489e-23	1.6255428329e-45	2.0522257408e-16	9.4101158768e-01	6.0051893593e-17	1.1825576616e-25	1.0761378001e-10	7.5550857527e-41	4.4723425498e-14	3.4966979455e-07	2.2742768070e-09	9.2952158320e-25	4.5075271294e-07	5.0683150773e-30	8.0675554378e-52	9.1731442647e-80	2.4104909545e-20	1.1144182286e-20	6.0545001279e-08	1.2780278486e-37	5.4301254598e-86	1.8492727223e-108	1.0658642121e-132	4.0396912603e-38	9.4187846670e-12	3.7526072215e-43	1.2415846055e-25	5.4706342611e-76	1.5798331740e-24	3.5812811096e-26	7.7389619777e-69	7.3663349710e-61	4.6640812544e-61	3.7444606583e-54	6.4754729457e-41	5.0563157391e-74	3.0819760182e-37	6.1985959453e-51	2.0534250442e-54	4.8982839691e-55	6.9095699539e-37	2.1974788733e-65	3.5802526686e-44	3.3455192958e-30	2.1427074769e-54	5.5645755856e-44	3.2720767550e-30	4.1087810411e-106	3.3141055432e-77	2.0828851209e-58	3.3521748458e-51	3.6141659515e-69	9.6728700037e-63	2.7572805757e-46	2.8105371582e-77	1.2057630139e-77	2.2324093180e-55	5.3039797446e-79	1.0404385006e-70	2.6996260042e-33	1.3808705302e-41
2.3819770066e+00	9.2000000000e+02	4.5256487700e+19	1.8752814379e+19	2.1346212271e+00	5.2982855372e-30	2.0735234990e-37	1.3999902247e-10	5.8982288118e-02	2.3432638007e-28	3.5038637839e-33	6.9680659768e-19	1.5804556496e-32	3.9168149039e-14	2.4310823725e-25	9.8674681990e-26	1.4646870607e-23	1.8617327183e-20	2.6787784302e-13	9.3667949118e-05	2.5482958958e-49	8.5264496393e-28	4.5374773425e-37	2.7851209594e-43	3.4460361886e-37	5.1806619836e-15	1.2411181316e-24	1.0781131081e-35	5.0985313395e-25	4.5559297811e-46	1.4152466466e-42	1.4978966910e-63	1.1561822302e-33	3.1684923346e-52	2.7110150637e-59	4.5701632116e-37	1.5744768015e-41	1.0319659657e-32	2.8945487239e-35	1.1988942083e-39	1.8688157439e-47	1.5818112343e-54	2.5566950474e-60	8.8410617163e-95	4.3846806611e-64	8.1947087787e-24	1.1529283774e-33	1.2362882287e-48	1.6469239740e-48	5.7778787396e-71	1.8809699480e-23	1.2850035313e-45	1.6222994994e-16	9.4097460708e-01	5.5226016126e-17	1.0001690510e-25	1.0760955092e-10	7.5547888471e-41	4.4721667923e-14	4.0677303539e-07	2.8767576971e-09	1.2579535982e-24	7.2123258454e-07	2.9129065806e-30	4.6366563574e-52	5.2720700837e-80	1.3853785443e-20	6.4048823762e-21	3.2001867334e-08	6.7551865220e-38	2.8701651813e-86	9.7745774339e-109	5.6337673451e-133	1.9637187147e-38	5.8860472330e-12	2.3451033369e-43	7.7589900293e-26	3.4187437969e-76	9.8727946453e-25	2.2380371259e-26	3.7764385596e-69	5.8953487630e-61	2.8790078372e-61	3.7907429831e-54	3.9971296261e-41	2.2691749071e-74	2.2684090458e-37	4.9607959837e-51	1.6433758228e-54	3.0235746693e-55	6.9949736981e-37	1.3564426847e-65	3.6245053479e-44	2.0650961566e-30	1.6730797903e-54	7.1259725096e-44	3.2318729505e-30	3.2084810475e-106	1.4873052883e-77	1.5330539309e-58	1.5043900414e-51	2.6601137351e-69	3.9923004231e-63	1.8664104326e-46	1.1599978788e-77	5.8838510289e-78	1.7866186595e-55	2.5882222557e-79	8.3267294412e-71	1.3173564837e-33	1.1051239733e-41
3.8120831728e+00	9.2000000000e+02	7.2213949080e+19	3.0011745680e+19	2.1353426744e+00	4.3520337902e-30	1.2956394374e-37	1.1065981197e-10	5.8983233213e-02	1.2559978124e-28	2.1893863772e-33	4.3539902422e-19	1.2492439013e-32	2.6557700904e-14	1.6483791066e-25	7.7995699983e-26	1.4645341295e-23	1.8615383307e-20	3.3882946702e-13	1.4987359267e-04	4.0774060357e-49	4.5702076273e-28	2.4321041508e-37	1.2805727715e-43	1.5844554606e-37	3.2371323406e-15	7.7551163439e-25	6.7365808077e-36	3.1858130758e-25	2.8467689424e-46	1.4150988776e-42	1.4977402923e-63	1.8499517310e-33	5.0697526101e-52	6.9413747573e-59	2.4496238940e-37	8.4392521993e-42	6.4482307715e-33	1.8086563677e-35	7.4912805098e-40	1.1677279665e-47	7.2730212647e-55	1.5975487784e-60	2.2636953755e-94	2.7397640719e-64	5.5563673567e-24	7.8173535800e-34	8.3825694639e-49	1.1166857609e-48	3.9176519492e-71	1.4867802438e-23	1.0157088716e-45	1.2823186504e-16	9.4087635785e-01	4.7368634949e-17	7.3589028258e-26	1.0759831517e-10	7.5540000350e-41	4.4716998435e-14	4.4135600286e-07	3.6387118332e-09	1.4810977863e-24	1.1540096651e-06	1.5613283882e-30	2.4852644590e-52	2.8258484982e-80	7.4256787500e-21	3.4330399552e-21	1.4714161626e-08	3.1059720754e-38	1.3196753155e-86	4.4942599970e-109	2.5903539445e-133	7.7451883403e-39	3.6778917282e-12	1.4653358737e-43	4.8481984800e-26	2.1361992240e-76	6.1690075399e-25	1.3984356406e-26	1.7950473917e-69	4.8424640088e-61	1.7311156003e-61	3.9388638199e-54	2.4034298770e-41	9.2523908466e-75	1.5983459009e-37	4.0748184665e-51	1.3498757401e-54	1.8180420390e-55	7.2682977833e-37	8.1561399801e-66	3.7661305564e-44	1.2417195002e-30	1.2725932156e-54	9.3665681261e-44	3.1096890000e-30	2.4407580785e-106	6.0643759952e-78	1.0802066192e-58	6.1340377974e-52	1.8743453225e-69	1.3963738747e-63	1.1281037858e-46	4.0572866794e-78	2.7967597714e-78	1.4675360024e-55	1.2302547853e-79	6.8396102167e-71	6.2617656365e-34	9.0775343090e-42
6.1020117230e+00	9.2000000000e+02	1.1560382703e+20	4.8039881520e+19	2.1366380510e+00	3.6557479475e-30	8.0941917541e-38	8.7460629442e-11	5.8988627819e-02	6.4428061737e-29	1.3677658035e-33	2.7200493363e-19	9.8734722200e-33	1.7234948872e-14	1.0697360336e-25	6.1644357541e-26	1.4643857980e-23	1.8613497895e-20	4.2861811770e-13	2.3985446687e-04	6.5253927226e-49	2.3443481848e-28	1.2475798511e-37	5.3937063656e-44	6.6736445554e-38	2.0223195700e-15	4.8448200135e-25	4.2085147497e-36	1.9902591095e-25	1.7784495466e-46	1.4149555530e-42	1.4975885975e-63	2.9606228708e-33	8.1135227882e-52	1.7780127313e-58	1.2565668341e-37	4.3290255471e-42	4.0283750891e-33	1.1299140051e-35	4.6799950034e-40	7.2950960005e-48	3.0633589880e-55	9.9802968139e-61	5.7983891349e-94	1.7116008605e-64	3.6058734020e-24	5.0731684100e-34	5.4399722571e-49	7.2468705273e-49	2.5424087457e-71	1.1750854592e-23	8.0277144578e-46	1.0134880433e-16	9.4078106361e-01	3.8890518577e-17	4.9609264233e-26	1.0758741735e-10	7.5532349475e-41	4.4712469389e-14	4.5843233564e-07	4.6029580322e-09	1.5980859456e-24	1.8468521910e-06	8.0090395692e-31	1.2748491312e-52	1.4495561990e-80	3.8090996991e-21	1.7610230527e-21	6.1975288711e-09	1.3082193943e-38	5.5584042613e-87	1.8929590957e-109	1.0910437010e-133	2.6786247212e-39	2.2976732601e-12	9.1543289003e-44	3.0287938934e-26	1.3345384252e-76	3.8539371773e-25	8.7363859916e-27	8.3400872250e-70	4.0677137895e-61	1.0175460777e-61	4.1858946405e-54	1.4127309833e-41	3.5297626004e-75	1.1024314925e-37	3.4228845554e-51	1.1339078932e-54	1.0686412539e-55	7.7241382611e-37	4.7941617788e-66	4.0023281921e-44	7.2988008817e-31	9.4634819641e-55	1.2593056847e-43	2.9255778099e-30	1.8153894112e-106	2.3135433790e-78	7.4505386773e-59	2.3401191720e-52	1.2927973290e-69	4.3741139739e-64	6.3889096914e-47	1.2709371524e-78	1.2994208704e-78	1.2327435831e-55	5.7159673141e-80	5.7453347598e-71	2.9093199340e-34	7.6252113421e-42
9.7705960945e+00	9.2000000000e+02	1.8513336896e+20	7.6921890692e+19	2.1387121466e+00	3.1252589509e-30	5.0550501212e-38	6.9111984833e-11	5.8997263970e-02	3.2324120265e-29	8.5420816567e-34	1.6987472183e-19	7.8020849687e-33	1.0940834209e-14	6.7907393732e-26	4.8711791015e-26	1.4641482923e-23	1.8610479011e-20	5.4223665397e-13	3.8393256251e-04	1.0445128590e-48	1.1761799226e-28	6.2592168783e-38	2.1738952718e-44	2.6897653230e-38	1.2629953796e-15	3.0257261923e-25	2.6283356809e-36	1.2429727215e-25	1.1106916996e-46	1.4147260643e-42	1.4973457067e-63	4.7390383854e-33	1.2987231948e-51	4.5563762849e-58	6.3043053555e-38	2.1719098579e-42	2.5158334026e-33	7.0566303613e-36	2.9227883435e-40	4.5559923760e-48	1.2346652132e-55	6.2329757129e-61	1.4859085247e-93	1.0689428173e-64	2.2890269859e-24	3.2204734054e-34	3.4533223745e-49	4.6003506920e-49	1.6139341511e-71	9.2856053007e-24	6.3435546187e-46	8.0086515186e-17	9.4062848029e-01	3.1237262105e-17	3.2010442960e-26	1.0756996798e-10	7.5520099041e-41	4.4705217567e-14	4.6590059002e-07	5.8231149331e-09	1.6508461826e-24	2.9562371863e-06	4.0182049756e-31	6.3960292339e-53	7.2725498246e-81	1.9110585272e-21	8.8352061832e-22	2.4978702577e-09	5.2726859101e-39	2.2402755959e-87	7.6294379948e-110	4.3973746106e-134	8.6728704940e-40	1.4349614939e-12	5.7171355489e-44	1.8915668671e-26	8.3345673456e-77	2.4068920267e-25	5.4561184622e-27	3.8050886945e-70	3.4774440451e-61	5.8740422516e-62	4.5277959390e-54	8.1553471322e-42	1.2937172216e-75	7.5711359459e-38	2.9261865830e-51	9.6936546059e-55	6.1690020876e-56	8.3550411213e-37	2.7675512164e-66	4.3292358960e-44	4.2134175254e-31	6.9123024109e-55	1.7235286476e-43	2.7037853744e-30	1.3264032887e-106	8.4795246905e-79	5.1167842698e-59	8.5769294313e-53	8.8785057342e-70	1.2879044023e-64	3.5248111468e-47	3.7421191202e-79	5.9284891510e-79	1.0538590113e-55	2.6078579298e-80	4.9116238708e-71	1.3273506728e-34	6.5187098077e-42
1.5652682213e+01	9.2000000000e+02	2.9665758636e+20	1.2323034322e+20	2.1420348284e+00	2.7061053097e-30	3.1554242462e-38	5.4596282717e-11	5.9011098187e-02	1.6054769018e-29	5.3320720717e-34	1.0603788355e-19	6.1634004256e-33	6.8770978047e-15	4.2684660004e-26	3.8480774649e-26	1.4637678011e-23	1.8605642669e-20	6.8604627713e-13	6.1474768784e-04	1.6724600299e-48	5.8418595236e-29	3.1088326734e-38	8.5913422700e-45	1.0630086378e-38	7.8837719670e-16	1.8886953760e-25	1.6406393479e-36	7.7587880805e-26	6.9330737279e-47	1.4143584166e-42	1.4969565885e-63	7.5880849255e-33	2.0794982221e-51	1.1684667841e-57	3.1312272530e-38	1.0787458657e-42	1.5704140469e-33	4.4048351657e-36	1.8244403091e-40	2.8439062846e-48	4.8794583498e-56	3.8906998385e-61	3.8105605130e-93	6.6724720875e-65	1.4388173844e-24	2.0242981626e-34	2.1706604147e-49	2.8916498542e-49	1.0144731924e-71	7.3353345795e-24	5.0112075674e-46	6.3265814685e-17	9.4038403729e-01	2.4848784031e-17	2.0261375217e-26	1.0754201355e-10	7.5500473483e-41	4.4693599933e-14	4.6903241317e-07	7.3674958929e-09	1.6735499424e-24	4.7334874726e-06	1.9957651507e-31	3.1767847398e-53	3.6121356638e-81	9.4918602528e-22	4.3882770309e-22	9.8717075328e-10	2.0837917044e-39	8.8536806134e-88	3.0151918536e-110	1.7378643239e-134	2.7272837206e-40	8.9572055306e-13	3.5687060854e-44	1.1807392236e-26	5.2025390952e-77	1.5024115047e-25	3.4057760206e-27	1.7122638322e-70	3.0110560253e-61	3.3451868504e-62	4.9616136921e-54	4.6443588280e-42	4.6322321208e-76	5.2163267242e-38	2.5337321400e-51	8.3935605375e-55	3.5131624493e-56	9.1555553705e-37	1.5760826260e-66	4.7440291894e-44	2.3994837452e-31	4.9817675686e-55	2.3901877938e-43	2.4660981730e-30	9.5642522539e-107	3.0361446834e-79	3.5253386968e-59	3.0710210351e-53	6.1170724001e-70	3.6692697246e-65	1.9323449206e-47	1.0661384781e-79	2.6677794837e-79	9.1251749405e-56	1.1735181940e-80	4.2528864472e-71	5.9729870500e-35	5.6444331495e-42
2.5096189351e+01	9.2000000000e+02	4.7553416459e+20	1.9757712993e+20	2.1473434345e+00	2.3636613098e-30	1.9680618551e-38	4.3108328288e-11	5.9032769267e-02	7.9363876511e-30	3.3256534889e-34	6.6136626181e-20	4.8665197646e-33	4.3036915128e-15	2.6712083237e-26	3.0383787756e-26	1.4631451735e-23	1.8597728581e-20	8.6813199656e-13	9.8479622944e-04	2.6792005305e-48	2.8878186743e-29	1.5367957776e-38	3.3660274826e-45	4.1647930865e-39	4.9171679218e-16	1.1779935234e-25	1.0232791114e-36	4.8392145309e-26	4.3242102735e-47	1.4137568057e-42	1.4963198438e-63	1.2155747099e-32	3.3312561377e-51	2.9998537901e-57	1.5478661372e-38	5.3325870695e-43	9.7947906250e-34	2.7473288507e-36	1.1379171544e-40	1.7737657575e-48	1.9117374665e-56	2.4266587769e-61	9.7830118517e-93	4.1616710687e-65	9.0041269466e-25	1.2668068812e-34	1.3584004575e-49	1.8095960373e-49	6.3485787060e-72	5.7918597277e-24	3.9567672044e-46	4.9953648364e-17	9.3998403596e-01	1.9686032431e-17	1.2722129129e-26	1.0749626953e-10	7.5468358635e-41	4.4674589083e-14	4.7040619542e-07	9.3229263571e-09	1.6840841987e-24	7.5828192726e-06	9.8657077399e-32	1.5703866652e-53	1.7855946008e-81	4.6921311923e-22	2.1692661911e-22	3.8676655883e-10	8.1641493546e-40	3.4688098006e-88	1.1813309638e-110	6.8088302055e-135	8.4688566512e-41	5.5866765158e-13	2.2258288493e-44	7.3643594193e-27	3.2448627963e-77	9.3706536504e-26	2.1242081414e-27	7.6259174818e-71	2.6300220479e-61	1.8860748377e-62	5.4863135215e-54	2.6185707150e-42	1.6351197241e-76	3.6111303380e-38	2.2131010966e-51	7.3313977185e-55	1.9807824174e-56	1.0123772293e-36	8.8862294271e-67	5.2457190550e-44	1.3528708911e-31	3.5558147173e-55	3.3458527273e-43	2.2283486672e-30	6.8320480881e-107	1.0717209172e-79	2.4405023291e-59	1.0840318311e-53	4.2346936631e-70	1.0265419614e-65	1.0602318671e-47	2.9827076410e-80	1.1881502032e-79	7.9704300029e-56	5.2265034993e-81	3.7147050833e-71	2.6601920515e-35	4.9301585578e-42
4.0289178579e+01	9.2000000000e+02	7.6387871945e+20	3.1718840496e+20	2.1558943487e+00	2.0760495823e-30	1.2259086612e-38	3.4011468762e-11	5.9068350138e-02	3.9118807272e-30	2.0715545121e-34	4.1196602965e-20	3.8395709490e-33	2.6868826676e-15	1.6676900110e-26	2.3972102125e-26	1.4621652582e-23	1.8585273085e-20	1.0988531080e-12	1.5788653395e-03	4.2954031794e-48	1.4234186525e-29	7.5749346535e-39	1.3128761297e-45	1.6244244756e-39	3.0629112230e-16	7.3377392045e-26	6.3740208276e-37	3.0143539398e-26	2.6935570207e-47	1.4128099674e-42	1.4953177103e-63	1.9488587788e-32	5.3408052300e-51	7.7159334652e-57	7.6295009474e-39	2.6284558543e-43	6.1011896705e-34	1.7113152335e-36	7.0881029053e-41	1.1048813325e-48	7.4564883947e-57	1.5115693669e-61	2.5162915868e-92	2.5923111079e-65	5.6214606826e-25	7.9089345558e-35	8.4807719929e-50	1.1297678315e-49	3.9635475818e-72	4.5696426660e-24	3.1217973304e-46	3.9412267150e-17	9.3935449845e-01	1.5567203419e-17	7.9607789732e-27	1.0742427583e-10	7.5417815050e-41	4.4644669075e-14	4.7116201798e-07	1.1800655481e-08	1.6906326033e-24	1.2157084041e-05	4.8628511691e-32	7.7405056304e-54	8.8012751046e-82	2.3127723075e-22	1.0692409416e-22	1.5085336810e-10	3.1843224282e-40	1.3529650632e-88	4.6076308992e-111	2.6556974636e-135	2.6138113475e-41	3.4799491235e-13	1.3864721058e-44	4.5872704522e-27	2.0212298694e-77	5.8369941172e-26	1.3231724155e-27	3.3688243326e-71	2.3099993859e-61	1.0553342206e-62	6.1034857291e-54	1.4651949272e-42	5.7158284227e-77	2.5097993452e-38	1.9438096263e-51	6.4393088418e-55	1.1083268950e-56	1.1262626438e-36	4.9722003703e-67	5.8358260543e-44	7.5698531091e-32	2.5200842435e-55	4.7146446867e-43	2.0003404508e-30	4.8481884503e-107	3.7463757480e-80	1.6961922097e-59	3.7894105609e-54	2.9431868661e-70	2.8395511448e-66	5.8309598888e-48	8.2505647261e-81	5.2487708200e-80	7.0005832941e-56	2.3088595182e-81	3.2626975382e-71	1.1751661008e-35	4.3302539041e-42
6.4813635334e+01	9.2000000000e+02	1.2300522695e+21	5.1026440191e+20	2.1696490362e+00	1.8291730747e-30	7.6204417045e-39	2.6801073300e-11	5.9125584465e-02	1.9229233708e-30	1.2877109769e-34	2.5608458547e-20	3.0255859623e-33	1.6742867589e-15	1.0391936116e-26	1.8890041788e-26	1.4605890077e-23	1.8565237698e-20	1.3914768194e-12	2.5344643894e-03	6.8951709335e-48	6.9969541102e-30	3.7235334852e-39	5.1033395684e-46	6.3143730890e-40	1.9039539535e-16	4.5612544900e-26	3.9621919380e-37	1.8737699800e-26	1.6743575524e-47	1.4112869231e-42	1.4937057206e-63	3.1283942027e-32	8.5732964859e-51	1.9903942675e-56	3.7503560826e-39	1.2920432763e-43	3.7925957851e-34	1.0637805563e-36	4.4060766268e-41	6.8681167298e-49	2.8984449794e-57	9.3961537328e-62	6.4909999189e-92	1.6114214952e-65	3.5029208011e-25	4.9283225365e-35	5.2846536337e-50	7.0399624953e-50	2.4698195103e-72	3.6008832462e-24	2.4599795929e-46	3.1056908133e-17	9.3834185094e-01	1.2296924568e-17	4.9727407247e-27	1.0730846978e-10	7.5336512770e-41	4.4596541012e-14	4.7180327313e-07	1.4943160679e-08	1.6970671436e-24	1.9515088344e-05	2.3903822264e-32	3.8049215242e-54	4.3263531718e-82	1.1368659301e-22	5.2559588062e-23	5.8638887937e-11	1.2377922242e-40	5.2591710562e-89	1.7910528308e-111	1.0323080481e-135	8.0345081347e-42	2.1631912940e-13	8.6185294157e-45	2.8515197070e-27	1.2564283848e-77	3.6283676598e-26	8.2250485509e-28	1.4774246828e-71	2.0353023912e-61	5.8670768078e-63	6.8171018033e-54	8.1456765153e-43	1.9822595101e-77	1.7486803158e-38	1.7126586286e-51	5.6735689036e-55	6.1616868802e-57	1.2579446305e-36	2.7642694520e-67	6.5181475119e-44	4.2084212517e-32	1.7760352431e-55	6.6753736811e-43	1.7870849838e-30	3.4237737054e-107	1.2992498035e-80	1.1818067984e-59	1.3141743535e-54	2.0506392068e-70	7.7872723376e-67	3.2126677595e-48	2.2626602299e-81	2.3018901547e-80	6.1680985741e-56	1.0125686900e-81	2.8747090331e-71	5.1537843247e-36	3.8153153543e-42
1.0409636796e+02	9.2000000000e+02	1.9843729157e+21	8.1952926516e+20	2.1806473102e+00	1.6167535865e-30	3.8361215230e-39	2.1138911915e-11	5.9171123041e-02	9.4681117733e-31	8.0176889273e-35	1.5944622529e-20	1.9293958762e-33	8.4433012717e-16	5.2405746483e-27	1.2046052957e-26	1.1798845526e-23	1.4997262789e-20	1.4239249548e-12	3.2854658467e-03	8.9383179751e-48	2.7854273199e-30	1.4823066913e-39	1.6066003816e-46	1.9878501281e-40	9.5844821378e-17	2.2961302244e-26	1.9945628299e-37	9.4325363645e-27	6.8146228278e-48	9.2173952686e-43	9.7556888090e-64	3.2787903084e-32	8.9854537527e-51	3.3475768702e-56	1.2070818410e-39	4.1585437282e-44	1.5435836734e-34	4.3295789791e-37	1.7932699213e-41	2.2600221363e-49	5.9645993056e-58	2.4998073798e-62	7.1361811136e-92	3.4661471131e-66	2.1848989438e-25	3.0739737825e-35	3.2962304312e-50	4.3910803280e-50	1.5405161424e-72	2.8401382626e-24	1.9402690089e-46	2.4495632620e-17	9.3754293883e-01	9.7162165016e-18	3.1071848044e-27	1.0721710645e-10	7.5272370632e-41	4.4558571143e-14	4.7223835990e-07	1.8913512240e-08	1.7016473809e-24	3.1289590413e-05	1.1769790957e-32	1.8734715499e-54	2.1302146525e-82	5.5977132843e-23	2.5879349229e-23	2.2832723519e-11	4.8196970685e-41	2.0478082530e-89	6.9739750413e-112	4.0195858204e-136	2.4740124512e-42	1.3468701592e-13	5.3661643881e-45	1.7754448312e-27	7.8229137821e-78	2.2591345209e-26	5.1211709672e-28	5.2391319110e-72	1.4544519652e-61	2.6355750928e-63	6.1712033537e-54	3.6591547786e-43	5.5588516859e-78	9.8821503074e-39	1.2238867889e-51	3.2779941971e-55	3.4235118774e-57	1.4084784182e-36	1.5358633902e-67	7.2981511858e-44	2.3382525630e-32	1.2500386223e-55	9.4681229996e-43	1.5933702188e-30	2.4136883204e-107	4.5064632082e-81	8.2604957277e-60	4.5582291853e-55	1.4333388867e-70	2.1359895664e-67	1.7758081132e-48	6.2063048958e-82	1.0096182015e-80	5.4518053156e-56	4.4411666542e-82	2.5408728151e-71	2.2604703574e-36	3.3722477485e-42
1.6657377613e+02	9.2000000000e+02	3.1760406464e+21	1.3114010318e+21	2.1812567509e+00	1.4335700634e-30	1.4981963514e-39	1.6710773721e-11	5.9173345744e-02	4.6778935078e-31	5.0104663299e-35	9.9642172512e-21	9.5319709090e-34	3.2978557631e-16	2.0469078089e-27	5.9512217150e-27	7.3737067406e-24	9.3725625508e-21	1.1256890228e-12	3.2855892622e-03	8.9386537347e-48	8.6005498689e-31	4.5769108849e-40	3.9219338313e-47	4.8526172145e-41	3.7432172268e-17	8.9675311481e-27	7.7897604040e-38	3.6838748411e-27	1.6632810329e-48	3.5999957710e-43	3.8102346087e-64	2.0491671688e-32	5.6156981981e-51	3.3478367499e-56	2.3292630474e-40	8.0245944463e-45	3.7675063046e-35	1.0567432385e-37	4.3769287344e-42	3.4473385601e-50	5.6868076077e-59	2.3830064777e-63	2.7873688566e-92	2.0649669321e-67	1.3655364373e-25	1.9211978747e-35	2.0601056961e-50	2.7443741524e-50	9.6280467827e-73	2.2451916179e-24	1.5338252269e-46	1.9364335095e-17	9.3754059268e-01	7.6816427497e-18	1.9421466293e-27	1.0721683815e-10	7.5272182268e-41	4.4558459638e-14	4.7228392929e-07	2.3925227815e-08	1.7019800622e-24	5.0068981708e-05	5.8150801366e-33	9.2562282852e-55	1.0524714464e-82	2.7656524614e-23	1.2786165039e-23	8.9187231171e-12	1.8826288343e-41	7.9989733990e-90	2.7241144653e-112	1.5700962239e-136	7.6402022194e-43	8.4169486304e-14	3.3534583633e-45	1.1095225355e-27	4.8887461789e-78	1.4117930434e-26	3.2003554807e-28	1.4420807091e-72	8.0597562151e-62	9.1767861738e-64	4.3259088503e-54	1.2740779450e-43	1.2096878813e-78	4.3294426109e-39	6.7820934552e-52	1.1352150401e-55	1.9073905379e-57	1.5798296878e-36	8.5569771711e-68	8.1860224200e-44	1.3027443671e-32	8.8100059202e-56	1.3434111511e-42	1.4205432083e-30	1.7011842684e-107	1.5691940035e-81	5.7908085915e-60	1.5872194166e-55	1.0048054515e-70	5.8802791846e-68	9.8420857360e-49	1.7085666553e-82	4.4467219339e-81	4.8340977605e-56	1.9560496379e-82	2.2529835301e-71	9.9559250264e-37	2.9901609367e-42
2.6658232085e+02	9.2000000000e+02	5.0846119945e+21	2.0987477065e+21	2.1822322265e+00	1.2723885553e-30	5.8499061364e-40	1.3209407316e-11	5.9176903461e-02	2.3107447673e-31	3.1307863705e-35	6.2261341578e-21	4.7084109158e-34	1.2878036976e-16	7.9931192699e-28	2.9396645828e-27	4.6077509564e-24	5.8568147035e-21	8.8988329594e-13	3.2857868040e-03	8.9391911597e-48	2.6548057033e-31	1.4127944498e-40	9.5704673658e-48	1.1841559977e-41	1.4615887567e-17	3.5014913394e-27	3.0416151492e-38	1.4384177360e-27	4.0583609823e-49	1.4057561864e-43	1.4878519903e-64	1.2805848982e-32	3.5094151490e-51	3.3482527421e-56	4.4929329413e-41	1.5478700342e-45	9.1926140469e-36	2.5784250783e-38	1.0679588384e-42	5.2562238465e-51	5.4189004486e-60	2.2704921992e-64	1.0885744995e-92	1.2294553717e-68	8.5332884734e-26	1.2005637661e-35	1.2873677853e-50	1.7149697132e-50	6.0166025885e-73	1.7747622628e-24	1.2124466833e-46	1.5306974646e-17	9.3753683739e-01	6.0726566535e-18	1.2137604938e-27	1.0721640870e-10	7.5271880767e-41	4.4558281161e-14	4.7232319780e-07	3.0266752766e-08	1.7022699179e-24	8.0129049906e-05	2.8724822348e-33	4.5723103871e-55	5.1989060537e-83	1.3661527230e-23	6.3159975551e-24	3.4828172732e-12	7.3517835873e-42	3.1236492440e-90	1.0637837714e-112	6.1313241563e-137	2.3586267665e-43	5.2593244457e-14	2.0954061053e-45	6.9328437779e-28	3.0547296196e-78	8.8215789256e-27	1.9997398765e-28	3.9640962018e-73	4.4702067799e-62	3.1912197981e-64	3.0352506334e-54	4.4305955106e-44	2.6287804060e-79	1.8982965358e-39	3.7615728486e-52	3.9344924800e-56	1.0614532055e-57	1.7738732663e-36	4.7619145985e-68	9.1914757905e-44	7.2497066378e-33	6.2022449801e-56	1.9082389393e-42	1.2651401865e-30	1.1977106853e-107	5.4569847840e-82	4.0631831787e-60	5.5196694518e-56	7.0503256046e-71	1.6165919428e-68	5.4593469672e-49	4.6971495774e-83	1.9560939717e-81	4.2905825274e-56	8.6045787479e-83	1.9996723789e-71	4.3795688637e-37	2.6539662424e-42
4.2671895488e+02	9.2000000000e+02	8.1122360451e+21	3.3594704444e+21	2.1837940876e+00	1.1299913076e-30	2.2833636955e-40	1.0440628533e-11	5.9182599874e-02	1.1411322502e-31	1.9558828761e-35	3.8896263565e-21	2.3251686255e-34	5.0271790706e-17	3.1202614170e-28	1.4517033411e-27	2.8788762484e-24	3.6592786591e-21	7.0343011267e-13	3.2861030965e-03	8.9400516535e-48	8.1913131122e-32	4.3591294412e-41	2.3342562112e-48	2.8881802603e-42	5.7049440229e-18	1.3667190581e-27	1.1872179562e-38	5.6145017728e-28	9.8972297498e-50	5.4875790087e-44	5.8080522277e-65	8.0017865719e-33	2.1928722614e-51	3.3489188619e-56	8.6613882374e-42	2.9839535738e-46	2.2418265310e-36	6.2880718360e-39	2.6044588032e-43	8.0089137042e-52	5.1594109022e-61	2.1615065708e-65	4.2502856315e-93	7.3128404601e-70	5.3315603686e-26	7.5010685686e-36	8.0434161877e-51	1.0715053856e-50	3.7591463144e-73	1.4027604023e-24	9.5830987220e-47	1.2098531935e-17	9.3753082464e-01	4.8003237966e-18	7.5843679597e-28	1.0721572108e-10	7.5271398023e-41	4.4557995393e-14	4.7237291118e-07	3.8292784383e-08	1.7026391941e-24	1.2826111554e-04	1.4185392358e-33	2.2579779968e-55	2.5674143885e-83	6.7465734554e-24	3.1190759812e-24	1.3595941338e-12	2.8699300176e-42	1.2193850136e-90	4.1527133404e-113	2.3934969025e-137	7.2783411235e-44	3.2856354301e-14	1.3090541591e-45	4.3311260568e-28	1.9083682650e-78	5.5110675462e-27	1.2492890022e-28	1.0884398675e-73	2.4803887077e-62	1.1085897922e-64	2.1307897226e-54	1.5391333932e-44	5.7057029216e-80	8.3262755438e-40	2.0871881942e-52	1.3640102572e-56	5.9017149105e-58	1.9931126225e-36	2.6476402581e-68	1.0327483234e-43	4.0308608558e-33	4.3629495618e-56	2.7126633957e-42	1.1259622483e-30	8.4261228935e-108	1.8957052172e-82	2.8524388421e-60	1.9174812815e-56	4.9494747640e-71	4.4392853703e-69	3.0295995505e-49	1.2898732728e-83	8.5963321158e-82	3.8104091239e-56	3.7814040482e-83	1.7758823723e-71	1.9246635908e-37	2.3569520269e-42
6.8326628309e+02	9.2000000000e+02	1.2993045103e+22	5.3792147207e+21	2.1862961033e+00	1.0038494660e-30	8.9074801546e-41	8.2508821788e-12	5.9191725283e-02	5.6329911993e-32	1.2215037057e-35	2.4291807379e-21	1.1477730490e-34	1.9614492364e-17	1.2174291561e-28	7.1660435792e-28	1.7982346512e-24	2.2856979999e-21	5.5598889590e-13	3.2866097833e-03	8.9414301271e-48	2.5257156066e-32	1.3440972296e-41	5.6889300353e-49	7.0389254406e-43	2.2255182461e-18	5.3316179594e-28	4.6313779995e-39	2.1902364138e-28	2.4116887141e-50	2.1410754851e-44	2.2661137491e-65	4.9989840361e-33	1.3699607368e-51	3.3499861041e-56	1.6681928439e-42	5.7471272063e-47	5.4627283394e-37	1.5322339951e-39	6.3463656605e-44	1.2190149748e-52	4.9061163265e-62	2.0550377968e-66	1.6588692302e-93	4.3428735065e-71	3.3302682825e-26	4.6854145901e-36	5.0241827834e-51	6.6929757021e-51	2.3480866528e-73	1.1085549848e-24	7.5732048327e-47	9.5610682070e-18	9.3752119248e-01	3.7941737917e-18	4.7382419205e-28	1.0721461955e-10	7.5270624686e-41	4.4557537605e-14	4.7244740541e-07	4.8454518381e-08	1.7031937547e-24	2.0536864823e-04	7.0023601815e-34	1.1146096503e-55	1.2673572807e-83	3.3303229220e-24	1.5396749630e-24	5.3047329340e-13	1.1197615453e-42	4.7576785456e-91	1.6202655392e-113	9.3387147902e-138	2.2445939991e-44	2.0519714664e-14	8.1754103267e-46	2.7049096818e-28	1.1918294986e-78	3.4418162315e-27	7.8021601618e-29	2.9849885348e-74	1.3763885859e-62	3.8470771757e-65	1.4961795249e-54	5.3411685630e-45	1.2367973072e-80	3.6519367311e-40	1.1581983091e-52	4.7278836520e-57	3.2787659976e-58	2.2405112348e-36	1.4709271769e-68	1.1609400268e-43	2.2393913829e-33	3.0671441337e-56	3.8586287014e-42	1.0016122311e-30	5.9245204485e-108	6.5785829244e-83	2.0029079030e-60	6.6541514483e-57	3.4753916452e-71	1.2176592176e-69	1.6814386077e-49	3.5380155793e-84	3.7741884839e-82	3.3850500783e-56	1.6602117531e-83	1.5776391899e-71	8.4501657941e-38	2.0938435700e-42
1.0946068543e+03	9.2000000000e+02	2.0824565601e+22	8.6176143180e+21	2.1903074411e+00	8.9189542873e-31	3.4716837407e-41	6.5187259292e-12	5.9206355614e-02	2.7787883507e-32	7.6247676820e-36	1.5163227666e-21	5.6620255459e-35	7.6467597298e-18	4.7461785257e-29	3.5350474421e-28	1.1227748435e-24	1.4271353366e-21	4.3938268561e-13	3.2874221299e-03	8.9436401675e-48	7.7795470139e-33	4.1400019708e-42	1.3847935259e-49	1.7134080256e-43	8.6739407502e-19	2.0779941195e-28	1.8050761179e-39	8.5364300724e-29	5.8689445746e-51	8.3470257900e-45	8.8344899740e-66	3.1220693491e-33	8.5559633617e-52	3.3516975402e-56	3.2082601790e-43	1.1052846454e-47	1.3293776126e-37	3.7287550173e-40	1.5444144219e-44	1.8522570773e-53	4.6558523942e-63	1.9496897172e-67	6.4705455215e-94	2.5726240917e-72	2.0793429663e-26	2.9254651715e-36	3.1369842445e-51	4.1789401842e-51	1.4660913331e-73	8.7582951333e-25	5.9833173763e-47	7.5538568944e-18	9.3750574968e-01	2.9984349815e-18	2.9592333775e-28	1.0721285352e-10	7.5269384833e-41	4.4556803656e-14	4.7256482714e-07	6.1327835520e-08	1.7040685503e-24	3.2899402462e-04	3.4543062844e-34	5.4984362700e-56	6.2519494937e-84	1.6428682759e-24	7.5953089572e-25	2.0680664589e-13	4.3654248434e-43	1.8547956220e-91	6.3166550657e-114	3.6407266995e-138	6.9154959945e-45	1.2808643682e-14	5.1031858649e-46	1.6884359687e-28	7.4395378427e-79	2.1484215764e-27	4.8701987866e-29	8.1736199544e-75	7.6355420502e-63	1.3333162790e-65	1.0505410511e-54	1.8511370240e-45	2.6764237445e-81	1.6010563801e-40	6.4251273095e-53	1.6376423332e-57	1.8199490939e-58	2.5195500004e-36	8.1646954516e-69	1.3055263458e-43	1.2430220153e-33	2.1548324780e-56	5.4921116234e-42	8.9065488943e-31	4.1633892324e-108	2.2800020186e-83	1.4063418340e-60	2.3061925202e-57	2.4402463303e-71	3.3351333919e-70	9.3302976926e-50	9.6905223808e-85	1.6551672834e-82	3.0075332936e-56	7.2808451110e-84	1.4016934105e-71	3.7058133215e-38	1.8603282382e-42
1.7550075282e+03	9.2000000000e+02	3.3368270686e+22	1.3816812807e+22	2.1967468907e+00	7.9238463794e-31	1.3511193937e-41	5.1480952044e-12	5.9229841975e-02	1.3693483478e-32	4.7556052230e-36	9.4573799089e-22	2.7901661454e-35	2.9772477638e-18	1.8479133517e-29	1.7420214048e-28	7.0057652670e-25	8.9048799323e-22	3.4714468120e-13	3.2887262059e-03	8.9471879889e-48	2.3921432050e-33	1.2730146839e-42	3.3643191124e-50	4.1626793164e-44	3.3757480354e-19	8.0871944697e-29	7.0250447106e-40	3.3222312530e-29	1.4252399038e-51	3.2498929560e-45	3.4396858784e-66	1.9488983277e-33	5.3409136132e-52	3.3544459162e-56	6.1556913921e-44	2.1207105403e-48	3.2283181355e-38	9.0550700803e-41	3.7505228310e-45	2.8067492849e-54	4.4041301743e-64	1.8434962213e-68	2.5214226852e-94	1.5178451793e-73	1.2974459308e-26	1.8254001115e-36	1.9573814945e-51	2.6075298904e-51	9.1479581056e-74	6.9167714159e-25	4.7252619340e-47	5.9655789913e-18	9.3748095906e-01	2.3689857300e-18	1.8472527360e-28	1.0721001847e-10	7.5267394472e-41	4.4555625433e-14	4.7275253996e-07	7.7651673702e-08	1.7054677018e-24	5.2745554459e-04	1.7022342137e-34	2.7095531114e-56	3.0808739742e-84	8.0958269406e-25	3.7428628807e-25	8.0519720106e-14	1.6996687173e-43	7.2216066220e-92	2.4593759824e-114	1.4175090630e-138	2.1273570783e-45	7.9888142605e-15	3.1828822024e-46	1.0530858442e-28	4.6400764583e-79	1.3399811373e-27	3.0375670122e-29	2.2331869605e-75	4.2328840793e-63	4.6126286529e-66	7.3741878667e-55	6.4040376704e-46	5.7775645970e-82	7.0126541430e-41	3.5618714319e-53	5.6648700405e-58	1.0090208920e-58	2.8343257253e-36	4.5266916065e-69	1.4686300753e-43	6.8915948633e-34	1.5127219157e-56	7.8229544353e-42	7.9169829673e-31	2.9239930073e-108	7.8877070858e-84	9.8717079378e-61	7.9783135870e-58	1.7129120735e-71	9.1160782541e-71	5.1745929886e-50	2.6487564354e-85	7.2473317753e-83	2.6719759997e-56	3.1879980141e-84	1.2453033055e-71	1.6226310723e-38	1.6527672079e-42
